Sample	0	1	2	3	4	5	6	7	8	9	10	11	12	13	14	15	16	17	18	19	20	21	22	23	24	25	26	27	28	29	30	31	32	33	34	35	36	37	38	39	40	41	42	43	44	45	46	47	48	49	50	51	52	53	54	55
ERR346596_1 - illumina_universal_adapter	(1, 0.0)	(2, 0.0)	(3, 0.0)	(4, 0.0)	(5, 0.0)	(6, 0.0)	(7, 0.0)	(8, 0.0)	(9, 0.0)	(10, 0.0)	(15, 0.0006743454892135687)	(20, 0.003041435777881606)	(25, 0.01593657298998597)	(30, 0.02397367024918442)	(35, 2.108169145115709)	(40, 5.175574105408457)	(45, 6.518760222699157)	(50, 11.142375664109888)	(55, 13.904357166400255)	(60, 14.255581069057797)	(65, 14.350512399355656)	(70, 14.437668113298297)	(75, 14.505033851455451)	(80, 14.623099360679188)	(85, 14.742086934143282)	(90, 14.74947721021895)	(95, 14.756248189416766)	(100, 14.760748413395806)	(105, 14.766308323143605)	(110, 14.774606901306788)	(115, 14.77869426070059)	(120, 14.784295456906914)	(125, 14.789057161789932)	(130, 14.792883040279756)	(135, 14.800727467399179)	(140, 14.807553495208362)	(145, 14.812411535161269)	(150, 14.820503681031829)	(155, 14.840472564804259)	(160, 14.85885880099996)	(165, 14.869428134381916)	(170, 14.875731200383138)	(175, 14.885006891398035)	(180, 14.89550741401579)	(185, 14.901356328973254)	(190, 14.913453261320575)	(195, 14.919618705793386)	(200, 14.926169490545742)	(205, 14.937220499277142)	(210, 14.948725659052297)	(215, 14.95264787261201)	(220, 14.959900527159263)	(225, 14.967483473374708)	(230, 14.97658025640267)	(235, 14.98942034500341)	(240, 15.025587282669802)
ERR346596_1 - polya	(1, 6.881076420546619e-05)	(2, 6.881076420546619e-05)	(3, 0.00013762152841093238)	(4, 0.00020643229261639858)	(5, 0.00020643229261639858)	(6, 0.00020643229261639858)	(7, 0.00020643229261639858)	(8, 0.00020643229261639858)	(9, 0.00020643229261639858)	(10, 0.00023395659829858508)	(15, 0.0003715781267095174)	(20, 0.00046791319659717005)	(25, 0.0005367239608026363)	(30, 0.0005504861136437295)	(35, 0.0006605833363724754)	(40, 0.0007431562534190348)	(45, 0.0009083020875121537)	(50, 0.0009633506988765266)	(55, 0.0009771128517176199)	(60, 0.0011697829914929252)	(65, 0.001279880214221671)	(70, 0.0022707552187803846)	(75, 0.010803289980258191)	(80, 0.09571577300980347)	(85, 0.1280017835750082)	(90, 0.14049781835472086)	(95, 2.8356227821430564)	(100, 3.5084131480855816)	(105, 4.8980052447564475)	(110, 8.281636953031835)	(115, 8.57625712105396)	(120, 8.687689272608292)	(125, 8.744609536759054)	(130, 8.787203399802237)	(135, 8.819351788839032)	(140, 8.891011318682605)	(145, 8.912521563573232)	(150, 8.92029717992845)	(155, 8.92596718689898)	(160, 8.929641681707555)	(165, 8.9327381660968)	(170, 8.935628218193427)	(175, 8.938243027233236)	(180, 8.940651403980429)	(185, 8.942839586282162)	(190, 8.945165390112304)	(195, 8.950518867567492)	(200, 8.95262447695218)	(205, 8.956037490856769)	(210, 8.960124850250574)	(215, 8.973611760034846)	(220, 8.985433449325345)	(225, 8.988295977116291)	(230, 8.99029148927825)	(235, 8.994461421589103)	(240, 8.995631204580596)
ERR346596_1 - polyg	(1, 0.0015826475767257223)	(2, 0.001857890633547587)	(3, 0.0024083767471913165)	(4, 0.0026836198040131815)	(5, 0.0027524305682186476)	(6, 0.003715781267095174)	(7, 0.006468211835313822)	(8, 0.010046371573998064)	(9, 0.011697829914929252)	(10, 0.014642930622923206)	(15, 0.020945996624143908)	(20, 0.030579503612909176)	(25, 0.034694387312396054)	(30, 0.03645594287605598)	(35, 0.04136903144032627)	(40, 0.0514979759313709)	(45, 0.059369927356476226)	(50, 0.06747583537988014)	(55, 0.07742587188399057)	(60, 0.08372893788521125)	(65, 0.08744471915230644)	(70, 0.0887521236722103)	(75, 0.08944023131426496)	(80, 0.08994943096938539)	(85, 0.09047239277734694)	(90, 0.090775160139851)	(95, 0.09138069486485911)	(100, 0.0919724674370261)	(105, 0.09303215320579031)	(110, 0.09367897438932167)	(115, 0.09494509245070226)	(120, 0.09650021572174579)	(125, 0.09705070183538952)	(130, 0.09848196573086322)	(135, 0.1001334240717944)	(140, 0.10094539108941888)	(145, 0.10160597442579138)	(150, 0.1023491306792104)	(155, 0.1037803945746841)	(160, 0.10613372271051105)	(165, 0.10693192757529446)	(170, 0.10774389459291896)	(175, 0.10917515848839265)	(180, 0.11079909252364166)	(185, 0.11165234599978943)	(190, 0.11261569669866596)	(195, 0.11293222621401111)	(200, 0.11319370711799188)	(205, 0.11360657170322468)	(210, 0.11454239809641902)	(215, 0.11569841893507085)	(220, 0.11640028872996662)	(225, 0.11712968283054455)	(230, 0.11814808214078545)	(235, 0.1190150977697743)	(240, 0.11979954048171663)
ERR346596_2 - illumina_universal_adapter	(1, 0.0)	(2, 0.0)	(3, 0.0)	(4, 0.0)	(5, 0.0)	(6, 0.0)	(7, 0.0)	(8, 0.0)	(9, 0.0)	(10, 4.128645852327971e-05)	(15, 0.0047892291887004475)	(20, 0.06347104890312202)	(25, 0.15844366565950646)	(30, 0.16899923688862495)	(35, 2.2199728747967504)	(40, 5.236719350481435)	(45, 6.532701283527184)	(50, 11.009144262455264)	(55, 13.68237364107342)	(60, 14.021184081868293)	(65, 14.108917806230263)	(70, 14.183178382960804)	(75, 14.223006053282926)	(80, 14.3084965467318)	(85, 14.411795265957045)	(90, 14.419020396198619)	(95, 14.4260803806061)	(100, 14.431034755628891)	(105, 14.43590655773464)	(110, 14.444067514369408)	(115, 14.448553976195603)	(120, 14.454086361637724)	(125, 14.460774767918497)	(130, 14.466265866902091)	(135, 14.473036846099907)	(140, 14.47917476626704)	(145, 14.484087854831307)	(150, 14.491822184728003)	(155, 14.511777306347586)	(160, 14.530053445320558)	(165, 14.540361297798537)	(170, 14.547035941926467)	(175, 14.556573113845342)	(180, 14.56708739861594)	(185, 14.572963837879087)	(190, 14.584826813628109)	(195, 14.591047306712284)	(200, 14.598107291119765)	(205, 14.609254634921049)	(210, 14.620663459626314)	(215, 14.624888440548531)	(220, 14.632884251349207)	(225, 14.641458072569208)	(230, 14.651600779213094)	(235, 14.668473178596276)	(240, 14.715181925338944)
ERR346596_2 - polya	(1, 0.0)	(2, 0.0)	(3, 0.0)	(4, 0.0)	(5, 0.0)	(6, 0.0)	(7, 0.0)	(8, 0.0)	(9, 0.00020643229261639858)	(10, 0.0002477187511396783)	(15, 0.00041286458523279716)	(20, 0.000701869794895755)	(25, 0.0008119670176245011)	(30, 0.0008945399346710605)	(35, 0.0010459236159230862)	(40, 0.0013762152841093236)	(45, 0.11726730435895547)	(50, 0.14743394338663188)	(55, 0.1511772489594092)	(60, 0.1550719382134386)	(65, 0.155126986824803)	(70, 0.15526460835321393)	(75, 0.1554985649515125)	(80, 0.15708121252823823)	(85, 0.18014658068991046)	(90, 0.2354979594167875)	(95, 0.24509017994702945)	(100, 0.7956726286606466)	(105, 2.828053598080455)	(110, 3.200072113680888)	(115, 4.997835901465738)	(120, 6.955116802831701)	(125, 7.1728891093891605)	(130, 7.21947399675626)	(135, 7.263746842446056)	(140, 7.293899719320893)	(145, 7.318699118740542)	(150, 7.345163738653966)	(155, 7.356132174468317)	(160, 7.362270094635444)	(165, 7.368008912370179)	(170, 7.3736513950350275)	(175, 7.3787296294333915)	(180, 7.382142643337983)	(185, 7.384950122517566)	(190, 7.387606218015897)	(195, 7.389711827400584)	(200, 7.39242297151028)	(205, 7.4008729333547105)	(210, 7.402152813568932)	(215, 7.404478617399077)	(220, 7.409997240688355)	(225, 7.4162177337725295)	(230, 7.419052737257795)	(235, 7.421213395253846)	(240, 7.422204270258405)
ERR346597_1 - illumina_universal_adapter	(1, 0.0)	(2, 0.0)	(3, 0.0)	(4, 0.0)	(5, 0.0)	(6, 0.00025478924152427666)	(7, 0.00025478924152427666)	(8, 0.00025478924152427666)	(9, 0.00025478924152427666)	(10, 0.00025478924152427666)	(15, 0.0006624520279631193)	(20, 0.0032103444432058856)	(25, 0.014879691705017756)	(30, 0.021644346067487302)	(35, 1.803805914295269)	(40, 4.429536442823702)	(45, 5.450222144369954)	(50, 8.399929932958582)	(55, 10.133808939917511)	(60, 10.481239549660016)	(65, 10.749685494529993)	(70, 16.262866060480597)	(75, 16.430581078713953)	(80, 16.535949169546317)	(85, 16.559746484704682)	(90, 16.565619376721816)	(95, 16.570791598324764)	(100, 16.575084797044447)	(105, 16.578116789018583)	(110, 16.583301750083603)	(115, 16.58630826313359)	(120, 16.591404047964076)	(125, 16.595888338614902)	(130, 16.59936621176171)	(135, 16.606742360303834)	(140, 16.612398681465674)	(145, 16.617010366737265)	(150, 16.624985269996976)	(155, 16.641470133923598)	(160, 16.656413522938994)	(165, 16.663815150405274)	(170, 16.669815437043173)	(175, 16.67910250489673)	(180, 16.689102982626558)	(185, 16.694326162077807)	(190, 16.703269264455308)	(195, 16.708798190996383)	(200, 16.714072328295934)	(205, 16.722951733363054)	(210, 16.732302498526998)	(215, 16.735627498128895)	(220, 16.74225201840852)	(225, 16.748341481280953)	(230, 16.754456423077535)	(235, 16.76311925728936)	(240, 16.785642626240108)
ERR346597_1 - polya	(1, 6.369731038106916e-05)	(2, 6.369731038106916e-05)	(3, 0.00012739462076213833)	(4, 0.00019109193114320746)	(5, 0.0003184865519053458)	(6, 0.0003184865519053458)	(7, 0.00038218386228641493)	(8, 0.00038218386228641493)	(9, 0.00038218386228641493)	(10, 0.000535057407200981)	(15, 0.000687930952115547)	(20, 0.0007771071866490436)	(25, 0.0009681991177922513)	(30, 0.0011465515868592448)	(35, 0.0011465515868592448)	(40, 0.0011465515868592448)	(45, 0.0012357278213927416)	(50, 0.001745306304441295)	(55, 0.0019746166218131437)	(60, 0.002140229628803924)	(65, 0.0023950188703282006)	(70, 0.0028281605809194706)	(75, 0.0077455929423380105)	(80, 0.0776342818924471)	(85, 0.10329155851394174)	(90, 0.11427297482363807)	(95, 2.3252320970747014)	(100, 2.8791184292243264)	(105, 3.888402312212367)	(110, 5.875006767839228)	(115, 6.111782409987738)	(120, 6.23085816201411)	(125, 7.356835517620269)	(130, 8.84532700606717)	(135, 8.917648932273835)	(140, 8.93533130563562)	(145, 8.941382550121821)	(150, 8.945471917448284)	(155, 8.94855486727073)	(160, 8.950656878513303)	(165, 8.952198353424528)	(170, 8.954593372294855)	(175, 8.956351418061372)	(180, 8.958351513607338)	(185, 8.960504482698218)	(190, 8.962096915457746)	(195, 8.965906014618533)	(200, 8.967383792219374)	(205, 8.969766071627626)	(210, 8.97354969186426)	(215, 8.981575552972275)	(220, 8.988888004204023)	(225, 8.991308501998503)	(230, 8.9928627163718)	(235, 8.997219612401867)	(240, 8.99845534022326)
ERR346597_1 - polyg	(1, 0.0017198273802888674)	(2, 0.0018472220010510056)	(3, 0.0021020112425752823)	(4, 0.002420497794480628)	(5, 0.003184865519053458)	(6, 0.003503352070958804)	(7, 0.005732757934296224)	(8, 0.008535439591063267)	(9, 0.010510056212876411)	(10, 0.01263754637960412)	(15, 0.017312928961574596)	(20, 0.02637068649776263)	(25, 0.03014156727232193)	(30, 0.031542908100705445)	(35, 0.03621829068267592)	(40, 0.04625698679873242)	(45, 0.05330190932687867)	(50, 0.06066531840693027)	(55, 0.06860200328041148)	(60, 0.07340478048314411)	(65, 0.0761565042916063)	(70, 0.0778253738235903)	(75, 0.07832221284456263)	(80, 0.07901014379667819)	(85, 0.07982546936955588)	(90, 0.08090832364603404)	(95, 0.08190200168797872)	(100, 0.08278102457123748)	(105, 0.0840677102409351)	(110, 0.08591493224198608)	(115, 0.0872143573737599)	(120, 0.08836090896061913)	(125, 0.08908705829896332)	(130, 0.0899915601063745)	(135, 0.09060305428603277)	(140, 0.09098523814831919)	(145, 0.09162221125212988)	(150, 0.09251397359746485)	(155, 0.09386435657754351)	(160, 0.09622115706164307)	(165, 0.0969855247862159)	(170, 0.09773715304871251)	(175, 0.09880726786311447)	(180, 0.10023408761565042)	(185, 0.1011385894230616)	(190, 0.102055830692549)	(195, 0.10245075401691164)	(200, 0.1025017118652165)	(205, 0.10271828272051213)	(210, 0.10343169259678009)	(215, 0.10457824418363937)	(220, 0.10504960428045926)	(225, 0.10595410608787044)	(230, 0.10707517875057726)	(235, 0.10845104065480834)	(240, 0.10981416309696324)
ERR346597_2 - illumina_universal_adapter	(1, 0.0)	(2, 0.0)	(3, 0.0)	(4, 0.0)	(5, 0.0)	(6, 0.00012739462076213833)	(7, 0.00012739462076213833)	(8, 0.00012739462076213833)	(9, 0.00012739462076213833)	(10, 0.00015287354491456598)	(15, 0.002700765960157332)	(20, 0.05305985954743061)	(25, 0.13549691864261032)	(30, 0.1433062088953294)	(35, 1.8786757329171777)	(40, 4.4351290666751595)	(45, 5.4249852699969745)	(50, 8.297619313024507)	(55, 9.987598133668806)	(60, 10.323907193018773)	(65, 10.577549882956193)	(70, 15.62334506425466)	(75, 15.764358169976273)	(80, 15.850260362756183)	(85, 15.872006624520278)	(90, 15.87735719859229)	(95, 15.882287370415785)	(100, 15.886733442680384)	(105, 15.889587082185454)	(110, 15.894682867015941)	(115, 15.898097042852367)	(120, 15.90306543306209)	(125, 15.908250394127109)	(130, 15.911995795977514)	(135, 15.918836887112443)	(140, 15.924225679570679)	(145, 15.928659012373203)	(150, 15.936633915632914)	(155, 15.953883147284106)	(160, 15.969259678010095)	(165, 15.97711992611112)	(170, 15.983107473286939)	(175, 15.99270028823033)	(180, 16.003146647132827)	(185, 16.008599136901445)	(190, 16.01777154959632)	(195, 16.023593483765147)	(200, 16.0294026784719)	(205, 16.03862604901508)	(210, 16.048397216427535)	(215, 16.05211713935379)	(220, 16.058563307164356)	(225, 16.065238785292294)	(230, 16.072716849531027)	(235, 16.08465372549644)	(240, 16.11561061834164)
ERR346597_2 - polya	(1, 0.0)	(2, 0.0)	(3, 6.369731038106916e-05)	(4, 0.00012739462076213833)	(5, 0.00012739462076213833)	(6, 0.00019109193114320746)	(7, 0.00019109193114320746)	(8, 0.00025478924152427666)	(9, 0.0003184865519053458)	(10, 0.0003312260139815596)	(15, 0.0004968390209723394)	(20, 0.0009427201936398237)	(25, 0.0011210726627068172)	(30, 0.0012612067455451694)	(35, 0.0013249040559262383)	(40, 0.0014522986766883769)	(45, 0.10889692182747583)	(50, 0.13757345096103318)	(55, 0.14130611334936383)	(60, 0.1436501743713872)	(65, 0.14385400576460658)	(70, 0.14398140038536872)	(75, 0.14431262639935027)	(80, 0.14577766453811486)	(85, 0.16869595681322355)	(90, 0.22504259757631737)	(95, 0.23248244342882618)	(100, 0.782597894803892)	(105, 2.8229501409302995)	(110, 3.1583164800866284)	(115, 4.556421485102792)	(120, 5.973635683233276)	(125, 6.205328280013377)	(130, 6.31678583371817)	(135, 8.492851569342482)	(140, 9.017793843654953)	(145, 9.055923053649058)	(150, 9.06652228609647)	(155, 9.072331480803225)	(160, 9.07654824275045)	(165, 9.080051594821409)	(170, 9.083669602051053)	(175, 9.086905425418411)	(180, 9.089542494068189)	(185, 9.092039428635127)	(190, 9.094663757822826)	(195, 9.096880424224087)	(200, 9.100090768667293)	(205, 9.109887415003902)	(210, 9.111721897542877)	(215, 9.114995939296463)	(220, 9.121493064955333)	(225, 9.128002930076278)	(230, 9.130920266891732)	(235, 9.133468159306975)	(240, 9.134512795197223)
ERR346598_1 - illumina_universal_adapter	(1, 0.0)	(2, 0.0)	(3, 0.0)	(4, 0.0)	(5, 0.0)	(6, 0.0)	(7, 0.0)	(8, 0.0)	(9, 0.0)	(10, 4.316913234360903e-05)	(15, 0.00012231254164022558)	(20, 0.0010432540316372182)	(25, 0.005014814207249249)	(30, 0.0069286457411492485)	(35, 0.5148998260283967)	(40, 1.2609775506122103)	(45, 1.4397049533701423)	(50, 2.250104685145933)	(55, 2.832434695895047)	(60, 3.0159394826323385)	(65, 3.0575689159223587)	(70, 3.087283668685543)	(75, 3.110393544200155)	(80, 3.1402449992157604)	(85, 3.149576726657371)	(90, 3.1531165955095473)	(95, 3.1575630161409394)	(100, 3.1613690946425668)	(105, 3.16523273198732)	(110, 3.1701252336529286)	(115, 3.1760106253624407)	(120, 3.1800181598150057)	(125, 3.185140896853114)	(130, 3.190450700131378)	(135, 3.1978182320513544)	(140, 3.2040633665303964)	(145, 3.2085313717279598)	(150, 3.2198632689681568)	(155, 3.2417212396448045)	(160, 3.2631475189980157)	(165, 3.284142107027791)	(170, 3.321476211649622)	(175, 3.3282465705721775)	(180, 3.3355277642274666)	(185, 3.340923905770418)	(190, 3.3483274119673467)	(195, 3.3565295471126326)	(200, 3.3642999909344824)	(205, 3.372969791680157)	(210, 3.383819633609184)	(215, 3.3885538484562)	(220, 3.398489943750621)	(225, 3.4055265123226284)	(230, 3.418880163927585)	(235, 3.446199029845699)	(240, 3.526702266811139)
ERR346598_1 - polya	(1, 0.0)	(2, 0.0)	(3, 0.0)	(4, 0.0)	(5, 0.0)	(6, 0.0)	(7, 0.0)	(8, 3.597427695300752e-05)	(9, 3.597427695300752e-05)	(10, 0.00010072797546842106)	(15, 0.0001510919632026316)	(20, 0.00034535305874887226)	(25, 0.00043169132343609025)	(30, 0.00043169132343609025)	(35, 0.0004820553111703008)	(40, 0.0005036398773421053)	(45, 0.0005396141542951128)	(50, 0.0005683935758575188)	(55, 0.0006763164067165415)	(60, 0.0007338752498413535)	(65, 0.0008058238037473685)	(70, 0.0012015408502304512)	(75, 0.0038276630678000002)	(80, 0.015612836197605265)	(85, 0.0210593417282906)	(90, 0.02434019578640489)	(95, 0.626240213197955)	(100, 0.7757493082146543)	(105, 0.944857189315352)	(110, 1.4990409257764328)	(115, 1.6201663162772093)	(120, 1.6704583554575136)	(125, 1.6917119582813505)	(130, 1.705734731437633)	(135, 1.7195416589321968)	(140, 1.7328809208263725)	(145, 1.736262502859955)	(150, 1.739277147268617)	(155, 1.7418457106430618)	(160, 1.7440545312479763)	(165, 1.7457453222647679)	(170, 1.7481987679529631)	(175, 1.7505011216779554)	(180, 1.7523214200917778)	(185, 1.7546957223706758)	(190, 1.7568110098555128)	(195, 1.761365353317764)	(200, 1.7631928465869766)	(205, 1.7655887334320468)	(210, 1.772172026114447)	(215, 1.781381441014417)	(220, 1.7915117974043837)	(225, 1.801965922286928)	(230, 1.8086859172217498)	(235, 1.8105565796233059)	(240, 1.8113408188608817)
ERR346598_1 - polyg	(1, 0.007914340929661656)	(2, 0.009065517792157895)	(3, 0.011188000132385339)	(4, 0.01320255964175376)	(5, 0.016512193121430454)	(6, 0.017447524322208648)	(7, 0.024282636943280075)	(8, 0.025074071036246242)	(9, 0.026297196452648497)	(10, 0.029182333464279696)	(15, 0.0330028016766891)	(20, 0.039334274420418425)	(25, 0.04094592202791316)	(30, 0.04191003265025376)	(35, 0.04512613300985264)	(40, 0.061530403300424065)	(45, 0.07726555203966956)	(50, 0.0904249425490797)	(55, 0.09857671370663121)	(60, 0.10226047966661918)	(65, 0.10410236264661317)	(70, 0.1052463446537188)	(75, 0.10597302504816956)	(80, 0.10639032666082444)	(85, 0.10681482312886995)	(90, 0.10736882699394626)	(95, 0.10783649259433534)	(100, 0.10826098906238084)	(105, 0.10910278714308122)	(110, 0.10947691962339248)	(115, 0.11060651191971693)	(120, 0.1113259974587771)	(125, 0.11171451964986956)	(130, 0.11279374795845978)	(135, 0.11411040649493986)	(140, 0.11580839236712182)	(145, 0.1166645801586034)	(150, 0.1176502753471158)	(155, 0.1200245776260143)	(160, 0.1229169094930361)	(165, 0.12419039889717257)	(170, 0.12503219697787293)	(175, 0.12621934811732222)	(180, 0.1281259847958316)	(185, 0.12901814686426616)	(190, 0.13024127228066845)	(195, 0.13067296360410455)	(200, 0.13120538290300904)	(205, 0.1324572877409737)	(210, 0.1344574575395609)	(215, 0.13740734824970752)	(220, 0.13844340742595412)	(225, 0.14111269877586732)	(230, 0.14504108981913572)	(235, 0.148285969600297)	(240, 0.15058832332528949)
ERR346598_2 - illumina_universal_adapter	(1, 0.0)	(2, 0.0)	(3, 0.0)	(4, 0.0)	(5, 0.0)	(6, 0.0)	(7, 0.0)	(8, 0.0)	(9, 0.0)	(10, 7.194855390601505e-06)	(15, 0.0003525479141394737)	(20, 0.006130016792792482)	(25, 0.020519727573995488)	(30, 0.02454165173734173)	(35, 0.5359519729012966)	(40, 1.2859077245406447)	(45, 1.459368493152656)	(50, 2.2470324818941463)	(55, 2.812900663509564)	(60, 2.990851021885311)	(65, 3.0278613580145652)	(70, 3.053957098516277)	(75, 3.065346554599599)	(80, 3.0824415310076683)	(85, 3.0891399413763185)	(90, 3.0927229793608375)	(95, 3.0968959954873867)	(100, 3.1007308534105773)	(105, 3.1042203582750187)	(110, 3.10901932682055)	(115, 3.1148975236746717)	(120, 3.1187683558748156)	(125, 3.1258265090129953)	(130, 3.1313737425191492)	(135, 3.139101017208655)	(140, 3.1455979716263682)	(145, 3.150152315088619)	(150, 3.161455432907254)	(155, 3.183881797159759)	(160, 3.205509532463907)	(165, 3.2270725140695395)	(170, 3.2649462328456655)	(175, 3.2719396322853305)	(180, 3.279695686396399)	(185, 3.285739364924505)	(190, 3.2936465109987756)	(195, 3.3022299734797627)	(200, 3.3108350205269224)	(205, 3.3202674759440014)	(210, 3.3322972741570864)	(215, 3.3377869488201157)	(220, 3.3486295958937524)	(225, 3.357061966411537)	(230, 3.3740634096995286)	(235, 3.4127429522794017)	(240, 3.524291990255288)
ERR346598_2 - polya	(1, 0.0)	(2, 0.0)	(3, 0.0)	(4, 0.0)	(5, 0.0)	(6, 3.597427695300752e-05)	(7, 3.597427695300752e-05)	(8, 7.194855390601505e-05)	(9, 0.00010792283085902256)	(10, 0.0003525479141394737)	(15, 0.0005036398773421054)	(20, 0.0007482649606225565)	(25, 0.0009353312007781957)	(30, 0.001115202585543233)	(35, 0.0011655665732774438)	(40, 0.0012878791149176694)	(45, 0.10601619418051318)	(50, 0.13327030640011167)	(55, 0.13634970450728912)	(60, 0.13901180100181168)	(65, 0.13911252897728008)	(70, 0.1392132569527485)	(75, 0.13943629746985717)	(80, 0.14086807369258686)	(85, 0.14995517605091657)	(90, 0.15522181019683684)	(95, 0.15861778194120077)	(100, 0.5836322795748128)	(105, 0.8600298442601602)	(110, 0.9856376296692811)	(115, 1.429056567392052)	(120, 1.6221808757865777)	(125, 1.6965109268268814)	(130, 1.718822173393137)	(135, 1.7339025902918377)	(140, 1.746752602019452)	(145, 1.7579262124410562)	(150, 1.7629194420821335)	(155, 1.767229160461104)	(160, 1.7704740402422652)	(165, 1.7739779348174882)	(170, 1.7769278255276348)	(175, 1.7803813561151234)	(180, 1.7835902616193315)	(185, 1.7857774976580747)	(190, 1.789123105414704)	(195, 1.7913175363088378)	(200, 1.7961021151435879)	(205, 1.8184205565652334)	(210, 1.8206077926039765)	(215, 1.8262413643748174)	(220, 1.8355155329733026)	(225, 1.8426384398099984)	(230, 1.85222918204567)	(235, 1.862489045832668)	(240, 1.8636833918275078)
ERR346599_1 - illumina_universal_adapter	(1, 0.0)	(2, 0.0)	(3, 0.0)	(4, 0.0)	(5, 0.0)	(6, 0.0)	(7, 0.0)	(8, 0.0)	(9, 0.0)	(10, 0.0)	(15, 0.0010225234652093207)	(20, 0.014001754650266296)	(25, 0.041555353626106795)	(30, 0.04878118611358599)	(35, 0.984880968043415)	(40, 2.358239050989155)	(45, 2.6634963894696444)	(50, 4.089057703725871)	(55, 5.1315680942684825)	(60, 5.471468527750264)	(65, 5.536555554722389)	(70, 5.707766883737037)	(75, 5.7252315845228114)	(80, 5.753071490068912)	(85, 5.763433061183032)	(90, 5.767264115766017)	(95, 5.773862800528168)	(100, 5.777666587818746)	(105, 5.782302027527694)	(110, 5.7878372878860285)	(115, 5.793427082829173)	(120, 5.799848530190687)	(125, 5.808614964699082)	(130, 5.816304341157456)	(135, 5.825425250467123)	(140, 5.8331146269254965)	(145, 5.839604242518026)	(150, 5.85379686821513)	(155, 5.880423379249182)	(160, 5.908631393242755)	(165, 5.938148237271799)	(170, 5.989533449810117)	(175, 5.998627091827379)	(180, 6.007816169368061)	(185, 6.014592091530847)	(190, 6.024885494413954)	(195, 6.03575151043758)	(200, 6.045213260902315)	(205, 6.054729545951863)	(210, 6.068922171648969)	(215, 6.0761480041364475)	(220, 6.091308618713951)	(225, 6.10141115055022)	(230, 6.121111769313254)	(235, 6.164412229653317)	(240, 6.283202189018234)
ERR346599_1 - polya	(1, 0.0)	(2, 0.0)	(3, 0.0)	(4, 0.0)	(5, 0.0)	(6, 0.0)	(7, 0.0)	(8, 0.00013633646202790942)	(9, 0.00027267292405581885)	(10, 0.0003544748012725645)	(15, 0.00047717761709768303)	(20, 0.000736216894950711)	(25, 0.0009134542955869932)	(30, 0.0010634244038176936)	(35, 0.001227028158251185)	(40, 0.0014042655588874671)	(45, 0.13036492499108698)	(50, 0.16318111140120478)	(55, 0.16676676035253885)	(60, 0.1697934298095584)	(65, 0.16997066721019466)	(70, 0.1702978747190617)	(75, 0.17040694388868402)	(80, 0.17223385247985798)	(85, 0.18795344655167595)	(90, 0.19775603817148263)	(95, 0.2035503378076688)	(100, 1.0128026754667308)	(105, 1.537439014996329)	(110, 1.76439832333419)	(115, 2.579731267199697)	(120, 2.946271845361731)	(125, 3.08363083085485)	(130, 3.13667934822991)	(135, 3.215645427036475)	(140, 3.2333828007463055)	(145, 3.248025336768103)	(150, 3.2552375356093797)	(155, 3.261618082032286)	(160, 3.2665807292501015)	(165, 3.272947642026805)	(170, 3.276546924624342)	(175, 3.2801598408680817)	(180, 3.283704588880807)	(185, 3.28655402093719)	(190, 3.291393965339181)	(195, 3.294816010536082)	(200, 3.3001467662013733)	(205, 3.3164253397675054)	(210, 3.3194247419321194)	(215, 3.3260779612790814)	(220, 3.3374211549198036)	(225, 3.347455518525057)	(230, 3.360243878663276)	(235, 3.3731276743249126)	(240, 3.3746001081148145)
ERR346599_2 - illumina_universal_adapter	(1, 0.0)	(2, 0.0)	(3, 0.0)	(4, 0.0)	(5, 0.0)	(6, 0.0)	(7, 0.0)	(8, 0.0)	(9, 0.0)	(10, 0.0)	(15, 8.180187721674565e-05)	(20, 0.0012951963892651396)	(25, 0.0070622287330457095)	(30, 0.010893283316029964)	(35, 0.9501697048111092)	(40, 2.3304536800278672)	(45, 2.644804660525618)	(50, 4.110462528264253)	(55, 5.181017329046006)	(60, 5.533228945048908)	(65, 5.606755199020559)	(70, 5.7937270230456335)	(75, 5.827524831982353)	(80, 5.870102709073668)	(85, 5.884077196431529)	(90, 5.887949151953122)	(95, 5.894220629206406)	(100, 5.89814711931281)	(105, 5.9029325291299894)	(110, 5.908508690426931)	(115, 5.913839446092221)	(120, 5.920479031792981)	(125, 5.927350389479189)	(130, 5.93483526124452)	(135, 5.944078873370012)	(140, 5.952027289106239)	(145, 5.958448736467753)	(150, 5.972818599565495)	(155, 5.999499645184358)	(160, 6.028048500333002)	(165, 6.057756215408883)	(170, 6.109305031701636)	(175, 6.118466841949911)	(180, 6.12730144468932)	(185, 6.133532021003996)	(190, 6.143102840638354)	(195, 6.1536825500917205)	(200, 6.162694390231765)	(205, 6.171828933187635)	(210, 6.184794530726489)	(215, 6.191515918304465)	(220, 6.206035751510437)	(225, 6.214952156127063)	(230, 6.232021481172958)	(235, 6.2649740040451025)	(240, 6.354983336275929)
ERR346599_2 - polya	(1, 0.00027267292405581885)	(2, 0.00027267292405581885)	(3, 0.00027267292405581885)	(4, 0.00027267292405581885)	(5, 0.0004090093860837283)	(6, 0.0004090093860837283)	(7, 0.0004090093860837283)	(8, 0.0004090093860837283)	(9, 0.0004090093860837283)	(10, 0.000504444909503265)	(15, 0.0005453458481116377)	(20, 0.0006816823101395472)	(25, 0.0006816823101395472)	(30, 0.0006953159563423382)	(35, 0.0007498505411535019)	(40, 0.0007634841873562928)	(45, 0.0008861870031814115)	(50, 0.0008861870031814115)	(55, 0.0009543552341953661)	(60, 0.0010906916962232754)	(65, 0.0011997608658456031)	(70, 0.00188144317598515)	(75, 0.004853578048193576)	(80, 0.025767591323274885)	(85, 0.03501120344876714)	(90, 0.04106454236280632)	(95, 1.193625725054347)	(100, 1.48043674022246)	(105, 1.7991095865664957)	(110, 2.877694604961693)	(115, 3.126917657548711)	(120, 3.22314393244801)	(125, 3.289989699780294)	(130, 3.3510411674763914)	(135, 3.370809954470438)	(140, 3.3877565767005082)	(145, 3.3927873921493372)	(150, 3.397259228103853)	(155, 3.4013629556108924)	(160, 3.4038851801584094)	(165, 3.405739356041989)	(170, 3.4087114909141976)	(175, 3.411792694956028)	(180, 3.4148193644130473)	(185, 3.4180369049169066)	(190, 3.420927237911898)	(195, 3.425630845851861)	(200, 3.427921298413929)	(205, 3.4316160165348863)	(210, 3.439959808010994)	(215, 3.45152113999096)	(220, 3.46421406460576)	(225, 3.4800427278471995)	(230, 3.4900361905138455)	(235, 3.492885622570229)	(240, 3.4945080264683606)
ERR346599_2 - polyg	(1, 0.006135140791255924)	(2, 0.00852102887674434)	(3, 0.009611720572967615)	(4, 0.010088898190065297)	(5, 0.011656767503386256)	(6, 0.015269683747125857)	(7, 0.022154675079535283)	(8, 0.023790712623870197)	(9, 0.02515407724414929)	(10, 0.030007655292342873)	(15, 0.035461113773459244)	(20, 0.044527488498315226)	(25, 0.04685884199899247)	(30, 0.04814040474205482)	(35, 0.05213506307947256)	(40, 0.06681850003987841)	(45, 0.08176097627813729)	(50, 0.09430393078470496)	(55, 0.1034112064481693)	(60, 0.10751493395520936)	(65, 0.10893283316029964)	(70, 0.11000989121032012)	(75, 0.11080064269008201)	(80, 0.11092334550590713)	(85, 0.11148232500022152)	(90, 0.11189133438630527)	(95, 0.1124639475268225)	(100, 0.11296839243632575)	(105, 0.11378641120849323)	(110, 0.11416815330217137)	(115, 0.11508160759775836)	(120, 0.11587235907752022)	(125, 0.11647223951044303)	(130, 0.11790377236173608)	(135, 0.11943074073644866)	(140, 0.12065776889469985)	(145, 0.12153032225167848)	(150, 0.12218473726941244)	(155, 0.12403891315299201)	(160, 0.12622029654543857)	(165, 0.12744732470368975)	(170, 0.12860618463092696)	(175, 0.1296287080961363)	(180, 0.13100570636261816)	(185, 0.1315919531493382)	(190, 0.13250540744492517)	(195, 0.1329007831848061)	(200, 0.13330979257088985)	(205, 0.1342914150974908)	(210, 0.13573658159498664)	(215, 0.13764529206337736)	(220, 0.138190637911489)	(225, 0.1401402493184881)	(230, 0.14305784960588536)	(235, 0.14567550967682125)	(240, 0.147516051914198)
ERR346600_1 - illumina_universal_adapter	(1, 0.0)	(2, 0.0)	(3, 0.0)	(4, 0.0)	(5, 0.0)	(6, 9.209214002794075e-05)	(7, 9.209214002794075e-05)	(8, 9.209214002794075e-05)	(9, 9.209214002794075e-05)	(10, 0.00012892899603911707)	(15, 0.0003315317041005867)	(20, 0.002560161492776753)	(25, 0.008951356010715842)	(30, 0.011401006935459066)	(35, 0.01781061988140374)	(40, 0.026375188904002235)	(45, 0.09354719584038222)	(50, 0.15721970145570047)	(55, 0.1714387278760145)	(60, 0.1879232209410159)	(65, 0.20737308091491696)	(70, 0.21849781143029223)	(75, 0.22599411162856659)	(80, 0.23820552939627154)	(85, 0.24288381010969093)	(90, 0.24610703501066888)	(95, 0.25108001057217766)	(100, 0.2548005330293065)	(105, 0.2586131476264632)	(110, 0.26415709445614527)	(115, 0.2673619009291176)	(120, 0.2713955366623414)	(125, 0.27894709214463254)	(130, 0.2851909392385269)	(135, 0.28850625627953275)	(140, 0.29360816083708074)	(145, 0.2983969521185336)	(150, 0.30767983983335007)	(155, 0.33086864069238553)	(160, 0.35227085403487896)	(165, 0.3633403292662375)	(170, 0.37057877147243357)	(175, 0.3782592559507638)	(180, 0.38785525694167533)	(185, 0.39623564168421793)	(190, 0.4081523646038335)	(195, 0.41605387021823076)	(200, 0.42017959809148253)	(205, 0.42837579855396923)	(210, 0.43554056704814303)	(215, 0.438671699809093)	(220, 0.44154497457796477)	(225, 0.44672055284753504)	(230, 0.4509752097168259)	(235, 0.4534801159255858)	(240, 0.4566849223985582)
ERR346600_1 - polya	(1, 0.000736737120223526)	(2, 0.000736737120223526)	(3, 0.00119719782036323)	(4, 0.0013813821004191114)	(5, 0.0016576585205029335)	(6, 0.0016576585205029335)	(7, 0.0016576585205029335)	(8, 0.0016576585205029335)	(9, 0.0016576585205029335)	(10, 0.0022470482166817548)	(15, 0.0027811826288438105)	(20, 0.003039040620922045)	(25, 0.0031127143329443977)	(30, 0.003131132760949986)	(35, 0.003204806472972338)	(40, 0.003315317041005867)	(45, 0.00359159346108969)	(50, 0.004623025429402626)	(55, 0.005065067701536741)	(60, 0.005488691545665269)	(65, 0.005636038969709974)	(70, 0.006243847093894384)	(75, 0.010038043263045544)	(80, 0.05372655449230064)	(85, 0.06958482100511204)	(90, 0.07022946598530763)	(95, 0.07558922853493379)	(100, 0.077725766183582)	(105, 0.14922610370127518)	(110, 0.1622847691572372)	(115, 0.16810499240700305)	(120, 0.18243452939535063)	(125, 0.1912201195540162)	(130, 0.1957326344153853)	(135, 0.19961892272456438)	(140, 0.20374465059781613)	(145, 0.2055312381143582)	(150, 0.2073914993429226)	(155, 0.2100253345477217)	(160, 0.21153564564417993)	(165, 0.213543254296789)	(170, 0.21569821037344283)	(175, 0.21720852146990105)	(180, 0.21899510898644312)	(185, 0.22455747424413075)	(190, 0.2264545723287063)	(195, 0.22840692569729865)	(200, 0.2304882080619301)	(205, 0.23339831968681307)	(210, 0.2373214448520033)	(215, 0.25577670971360267)	(220, 0.2814704167813981)	(225, 0.2859460947867561)	(230, 0.2872722216031584)	(235, 0.2919320838885722)	(240, 0.2934976502690472)
ERR346600_2 - illumina_universal_adapter	(1, 0.0)	(2, 0.0)	(3, 0.0)	(4, 0.0)	(5, 0.0)	(6, 9.209214002794075e-05)	(7, 9.209214002794075e-05)	(8, 9.209214002794075e-05)	(9, 9.209214002794075e-05)	(10, 0.00014734742404470523)	(15, 0.002523324636765577)	(20, 0.03401883652632132)	(25, 0.08465109511368314)	(30, 0.08886891512696282)	(35, 0.09470755680473428)	(40, 0.10207492800696953)	(45, 0.1669262130146454)	(50, 0.22814906770522042)	(55, 0.24137349901323274)	(60, 0.25667921268587646)	(65, 0.27261115291071025)	(70, 0.28207822490558254)	(75, 0.2889851354076781)	(80, 0.30003619221103095)	(85, 0.30462238078442244)	(90, 0.30729305284523273)	(95, 0.3118239861346074)	(100, 0.3152498137436468)	(105, 0.31889666248875326)	(110, 0.3240169854743068)	(115, 0.3270744445232344)	(120, 0.3308870591203911)	(125, 0.3382360118946208)	(130, 0.34422200099643696)	(135, 0.3475004811814316)	(140, 0.35265764102299635)	(145, 0.3571333190283542)	(150, 0.3660110013270478)	(155, 0.38901561790602734)	(160, 0.4104915049605431)	(165, 0.4220951146040637)	(170, 0.42948090423430446)	(175, 0.43679302015252297)	(180, 0.4460022341553171)	(185, 0.4544747110378876)	(190, 0.4663730155294975)	(195, 0.47451396070796753)	(200, 0.47911856770936456)	(205, 0.4882725264281419)	(210, 0.4962108688985504)	(215, 0.4991025620954278)	(220, 0.502399460708428)	(225, 0.5081275918181658)	(230, 0.5136162833638311)	(235, 0.5164895581327029)	(240, 0.5195838540376417)
ERR346600_2 - polya	(1, 0.0001841842800558815)	(2, 0.0001841842800558815)	(3, 0.0001841842800558815)	(4, 0.00027627642008382227)	(5, 0.00027627642008382227)	(6, 0.00027627642008382227)	(7, 0.00027627642008382227)	(8, 0.00027627642008382227)	(9, 0.00027627642008382227)	(10, 0.0002946948480894104)	(15, 0.000368368560111763)	(20, 0.0006814818362067616)	(25, 0.0008288292602514668)	(30, 0.0008288292602514668)	(35, 0.000957758256290584)	(40, 0.0016208216644917571)	(45, 0.13808295475789437)	(50, 0.17368577609269625)	(55, 0.17747997226184742)	(60, 0.18026115489069122)	(65, 0.18048217602675826)	(70, 0.1807768708748477)	(75, 0.1810347288669259)	(80, 0.18396325891981444)	(85, 0.20967538441561553)	(90, 0.22580992734851071)	(95, 0.2270623804528907)	(100, 0.23028560535386866)	(105, 0.2328457668466454)	(110, 0.27612907265977754)	(115, 0.2932582107049745)	(120, 0.29869164696662304)	(125, 0.31160296499854034)	(130, 0.3205543210092562)	(135, 0.3248273963065526)	(140, 0.3281611317755641)	(145, 0.33142119353255317)	(150, 0.3330788520530561)	(155, 0.3350680422776597)	(160, 0.3377939696224867)	(165, 0.33897274901484437)	(170, 0.34016994683520757)	(175, 0.3419196974957385)	(180, 0.343282661168152)	(185, 0.3446640432685711)	(190, 0.34862400528977255)	(195, 0.3509631456464822)	(200, 0.3530628464391193)	(205, 0.35499678137970603)	(210, 0.3564518371921475)	(215, 0.359380367245036)	(220, 0.3691973893720145)	(225, 0.3759201155940542)	(230, 0.37873813507890913)	(235, 0.3806168147354791)	(240, 0.3813535518557027)
ERR346601_1 - illumina_universal_adapter	(1, 0.0)	(2, 0.0)	(3, 0.0)	(4, 6.813613599972746e-05)	(5, 6.813613599972746e-05)	(6, 0.00020440840799918237)	(7, 0.003270534527986918)	(8, 0.0033386706639866454)	(9, 0.0033386706639866454)	(10, 0.0033386706639866454)	(15, 0.0038973869791844107)	(20, 0.0050011923823799955)	(25, 0.009743467447961026)	(30, 0.013245664838347018)	(35, 0.7806220829216775)	(40, 1.9082206248083673)	(45, 2.234238408339863)	(50, 3.0610022825605556)	(55, 3.538241406329847)	(60, 3.6466868803870134)	(65, 3.7241304125643033)	(70, 3.7812012400776753)	(75, 3.8909004190372363)	(80, 4.001689776172793)	(85, 4.0279903246686874)	(90, 4.031955847783872)	(95, 4.035444417947057)	(100, 4.037870064388648)	(105, 4.041508534051034)	(110, 4.04524239430382)	(115, 4.048989881783805)	(120, 4.052832759854189)	(125, 4.058106496780567)	(130, 4.066228324191735)	(135, 4.075181412462099)	(140, 4.082826286921269)	(145, 4.090879978196436)	(150, 4.107191769154771)	(155, 4.1383299833066465)	(160, 4.1762681838312945)	(165, 4.213647668040745)	(170, 4.281456750587674)	(175, 4.291091200218036)	(180, 4.300589377576398)	(185, 4.307675535720369)	(190, 4.319585732293121)	(195, 4.331277893230675)	(200, 4.339781283003441)	(205, 4.348434572275407)	(210, 4.35974517085136)	(215, 4.365768405273736)	(220, 4.377773992436889)	(225, 4.386209246073655)	(230, 4.401771539535993)	(235, 4.423888529281504)	(240, 4.475113276326099)
ERR346601_1 - polya	(1, 6.813613599972746e-05)	(2, 6.813613599972746e-05)	(3, 6.813613599972746e-05)	(4, 0.00013627227199945491)	(5, 0.00013627227199945491)	(6, 0.00020440840799918237)	(7, 0.00047695295199809217)	(8, 0.00047695295199809217)	(9, 0.00047695295199809217)	(10, 0.0008312608591966749)	(15, 0.0010220420399959119)	(20, 0.0011855687663952577)	(25, 0.0012537049023949851)	(30, 0.0012945865839948216)	(35, 0.0012945865839948216)	(40, 0.0013763499471944945)	(45, 0.0014308588559942765)	(50, 0.001498994991994004)	(55, 0.001498994991994004)	(60, 0.001689776172793241)	(65, 0.0035021973903859916)	(70, 0.0036929785711852284)	(75, 0.006432051238374271)	(80, 0.021422001158314313)	(85, 0.030375089428678496)	(90, 0.035171873403059314)	(95, 0.9634313358089465)	(100, 1.1943583279392225)	(105, 1.5078799441283686)	(110, 2.0259189861342963)	(115, 2.1001328654651994)	(120, 2.147351207713011)	(125, 2.1906176540728373)	(130, 2.2230913364903073)	(135, 2.26988723469492)	(140, 2.3082751337171667)	(145, 2.314543658229142)	(150, 2.3184410452083264)	(155, 2.3203761114707184)	(160, 2.322011378734712)	(165, 2.324777705856301)	(170, 2.3266855176642935)	(175, 2.328416175518686)	(180, 2.32996967941948)	(185, 2.3337716758082645)	(190, 2.337382891016251)	(195, 2.3429019180322284)	(200, 2.345818144653017)	(205, 2.349647395496201)	(210, 2.3578646134977683)	(215, 2.3708377337921167)	(220, 2.386086601028856)	(225, 2.4043607127039825)	(230, 2.415753074643137)	(235, 2.4182196027663267)	(240, 2.4196504616223216)
ERR346601_1 - polyg	(1, 0.0012264504479950942)	(2, 0.0014308588559942765)	(3, 0.0020440840799918238)	(4, 0.0026573093039893706)	(5, 0.0027935815759888255)	(6, 0.003134262255987463)	(7, 0.005110210199979559)	(8, 0.006064116103975743)	(9, 0.00722243041597111)	(10, 0.010261302081558954)	(15, 0.015071713283139712)	(20, 0.02330255851190679)	(25, 0.026164276223895343)	(30, 0.02732259053589071)	(35, 0.03032058051987872)	(40, 0.04010492964943958)	(45, 0.0503253500493987)	(50, 0.060518515994957923)	(55, 0.07144755220931422)	(60, 0.07757980444928969)	(65, 0.08078220284127688)	(70, 0.08273089633086908)	(75, 0.08331686710046673)	(80, 0.08378019282526486)	(85, 0.08416175518686335)	(90, 0.08447518141246209)	(95, 0.08478860763806084)	(100, 0.08532006949885872)	(105, 0.0859469219500562)	(110, 0.08626034817565496)	(115, 0.08664191053725344)	(120, 0.086996218444452)	(125, 0.08722788130685108)	(130, 0.08754130753244983)	(135, 0.08810002384764762)	(140, 0.08908118420604368)	(145, 0.08958539161244165)	(150, 0.09008959901883964)	(155, 0.09173849351003303)	(160, 0.09356454195482575)	(165, 0.09425953054202296)	(170, 0.0950226552652199)	(175, 0.09584028889721664)	(180, 0.09748918338841003)	(185, 0.09833407147480666)	(190, 0.09941062242360235)	(195, 0.099751303103601)	(200, 0.09981943923960072)	(205, 0.09988757537560045)	(210, 0.10074609068919702)	(215, 0.10155009709399379)	(220, 0.10169999659319318)	(225, 0.1020951861819916)	(230, 0.10281742922358872)	(235, 0.1039212346267843)	(240, 0.1047252410315811)
ERR346601_2 - illumina_universal_adapter	(1, 0.0)	(2, 0.0)	(3, 0.0)	(4, 6.813613599972746e-05)	(5, 6.813613599972746e-05)	(6, 6.813613599972746e-05)	(7, 6.813613599972746e-05)	(8, 0.00013627227199945491)	(9, 0.00013627227199945491)	(10, 0.00013627227199945491)	(15, 0.0011038054031955848)	(20, 0.009389159540762443)	(25, 0.031410758695874355)	(30, 0.039260041563042955)	(35, 0.8223077709263107)	(40, 1.9728818178721084)	(45, 2.290273566586039)	(50, 3.0948250604708205)	(55, 3.56001771539536)	(60, 3.665519708377338)	(65, 3.734037406738664)	(70, 3.7850168636936603)	(75, 3.8713453480053146)	(80, 3.961625728204953)	(85, 3.9828978298640676)	(90, 3.9875719687936497)	(95, 3.991442101318434)	(100, 3.9943855823936225)	(105, 4.001594385582393)	(110, 4.0094572956767625)	(115, 4.0130957653391475)	(120, 4.017729022587129)	(125, 4.032282901236671)	(130, 4.041753824140633)	(135, 4.050229959458999)	(140, 4.057506898783769)	(145, 4.065587844513337)	(150, 4.081913262698873)	(155, 4.113215003577148)	(160, 4.151562020917794)	(165, 4.189309440261643)	(170, 4.257963410894968)	(175, 4.2675706060709295)	(180, 4.277286819064491)	(185, 4.284400231662863)	(190, 4.296950907914012)	(195, 4.308629441624366)	(200, 4.318032228392328)	(205, 4.32751677852349)	(210, 4.3395905018226415)	(215, 4.346513133240213)	(220, 4.359649780260962)	(225, 4.369652165025722)	(230, 4.3884441113344455)	(235, 4.4191871358975225)	(240, 4.492828671686029)
ERR346601_2 - polya	(1, 0.0)	(2, 0.0)	(3, 6.813613599972746e-05)	(4, 6.813613599972746e-05)	(5, 6.813613599972746e-05)	(6, 6.813613599972746e-05)	(7, 6.813613599972746e-05)	(8, 6.813613599972746e-05)	(9, 6.813613599972746e-05)	(10, 0.00020440840799918237)	(15, 0.00042244404319831023)	(20, 0.0008448880863966205)	(25, 0.0009539059039961843)	(30, 0.0009539059039961843)	(35, 0.0009539059039961843)	(40, 0.0011310598575954758)	(45, 0.11585868565393656)	(50, 0.14604299390181583)	(55, 0.1494225462474023)	(60, 0.1520526010969918)	(65, 0.15221612782339114)	(70, 0.15394678567778422)	(75, 0.15453275644738187)	(80, 0.1562225326201751)	(85, 0.1669744148809321)	(90, 0.17350185670970597)	(95, 0.1776036520968896)	(100, 0.7540217354273839)	(105, 1.126467482029094)	(110, 1.3628181105849486)	(115, 1.7925527203352298)	(120, 1.9389091404626444)	(125, 1.9915238646816338)	(130, 2.0318468299662724)	(135, 2.0633393520253467)	(140, 2.106442271658774)	(145, 2.132252239975471)	(150, 2.1424862876026305)	(155, 2.1502946887881986)	(160, 2.153905903996184)	(165, 2.157925936020168)	(170, 2.161455387864954)	(175, 2.163703880352945)	(180, 2.1663475624297344)	(185, 2.1686369365993254)	(190, 2.1766497461928935)	(195, 2.180737914352877)	(200, 2.185779988416857)	(205, 2.1921575307464316)	(210, 2.1948829761864204)	(215, 2.2025142234183903)	(220, 2.216195959527135)	(225, 2.2286103635062853)	(230, 2.246407522229414)	(235, 2.2655810308997375)	(240, 2.2673661976629305)
