Sample	0	1	2	3	4	5	6	7	8	9	10	11	12	13	14	15
ERR346596_1	(1.0, 34.78420454242948)	(2.0, 8.176501679609766)	(3.0, 8.344523181312514)	(4.0, 7.673314362283337)	(5.0, 6.588890829301435)	(6.0, 5.228869934319582)	(7.0, 4.1135037176022475)	(8.0, 3.250405545107056)	(9.0, 2.4370496809187903)	('>10', 15.652709768046266)	('>50', 1.9945187587919386)	('>100', 1.6328060478699002)	('>500', 0.12270195240779555)	('>1k', 0.0)	('>5k', 0.0)	('>10k+', 0.0)
ERR346596_2	(1.0, 45.25060511795371)	(2.0, 11.159852053210578)	(3.0, 6.939692063791396)	(4.0, 4.945266548531919)	(5.0, 3.963980402534945)	(6.0, 3.1371558637007233)	(7.0, 2.5331495983200716)	(8.0, 2.138954635750567)	(9.0, 1.888380883239949)	('>10', 14.468606888541002)	('>50', 1.3825563325754555)	('>100', 1.6602374778351265)	('>500', 0.09925519660753564)	('>1k', 0.43230693740704185)	('>5k', 0.0)	('>10k+', 0.0)
ERR346597_1	(1.0, 32.101668224629755)	(2.0, 8.820025536296717)	(3.0, 8.930475315710359)	(4.0, 8.426618696418192)	(5.0, 7.390740138317675)	(6.0, 6.222557036764702)	(7.0, 5.088213441458452)	(8.0, 4.02701083470109)	(9.0, 2.9788539269823247)	('>10', 13.180795967355685)	('>50', 1.2123228076053045)	('>100', 1.3692229593601972)	('>500', 0.25149511439952427)	('>1k', 0.0)	('>5k', 0.0)	('>10k+', 0.0)
ERR346597_2	(1.0, 40.893625994635975)	(2.0, 11.14227430818198)	(3.0, 7.069568902874688)	(4.0, 5.198549658845987)	(5.0, 4.069306234302298)	(6.0, 3.415277883782574)	(7.0, 2.82868591335133)	(8.0, 2.3668787448657107)	(9.0, 2.1363053438144233)	('>10', 16.79673677848053)	('>50', 1.6294160756322784)	('>100', 1.8477129551695584)	('>500', 0.17921196318341137)	('>1k', 0.42644924287934494)	('>5k', 0.0)	('>10k+', 0.0)
ERR346598_1	(1.0, 19.471564145483487)	(2.0, 5.010384729593808)	(3.0, 4.1771370971656046)	(4.0, 3.5184311324713358)	(5.0, 3.0232248294424076)	(6.0, 2.5621887186434935)	(7.0, 2.151533189167144)	(8.0, 1.8653334665442123)	(9.0, 1.5910005847321367)	('>10', 18.699881758077414)	('>50', 5.845705949329079)	('>100', 11.565768835663855)	('>500', 4.974744044262684)	('>1k', 7.275032193203888)	('>5k', 3.1611842562834087)	('>10k+', 5.106885069936014)
ERR346598_2	(1.0, 31.083324015111412)	(2.0, 9.270382845828438)	(3.0, 6.1776567357532866)	(4.0, 4.746667599425044)	(5.0, 3.9290960564000312)	(6.0, 3.31772958871999)	(7.0, 2.8769792438746804)	(8.0, 2.5453759666471547)	(9.0, 2.2877784804764714)	('>10', 24.653589400318218)	('>50', 4.552054445654158)	('>100', 3.0844231810821445)	('>500', 0.8046447877726725)	('>1k', 0.6702976529363541)	('>5k', 0.0)	('>10k+', 0.0)
ERR346599_1	(1.0, 39.57720108120784)	(2.0, 11.114723256454496)	(3.0, 7.173048705332503)	(4.0, 5.37019008497246)	(5.0, 4.301307622935004)	(6.0, 3.4700071664878074)	(7.0, 2.867978241878457)	(8.0, 2.263146359396233)	(9.0, 2.0441034279618413)	('>10', 17.23059496451929)	('>50', 1.8686922316342902)	('>100', 2.0545635622429206)	('>500', 0.259919591351246)	('>1k', 0.4045237036255372)	('>5k', 0.0)	('>10k+', 0.0)
ERR346599_2	(1.0, 26.12960504883313)	(2.0, 8.218699397448693)	(3.0, 7.345664960172801)	(4.0, 6.107247691621022)	(5.0, 4.818132666210521)	(6.0, 3.777480647346522)	(7.0, 2.9866260188316396)	(8.0, 2.3264233964350085)	(9.0, 1.9175961449263021)	('>10', 17.713292315135114)	('>50', 5.303320155504834)	('>100', 7.680886408339539)	('>500', 1.2905602299058974)	('>1k', 4.021919738816513)	('>5k', 0.36254518047240575)	('>10k+', 0.0)
ERR346600_1	(1.0, 15.481481369356842)	(2.0, 2.0750073810129877)	(3.0, 1.6989715305494788)	(4.0, 1.9559263554513884)	(5.0, 2.104865629756922)	(6.0, 2.3042928049967126)	(7.0, 2.606745703424771)	(8.0, 2.788084615375642)	(9.0, 3.1384831812503324)	('>10', 59.51116123636196)	('>50', 3.70433098930609)	('>100', 2.5101038534949205)	('>500', 0.12054534966193804)	('>1k', 0.0)	('>5k', 0.0)	('>10k+', 0.0)
ERR346600_2	(1.0, 35.43064854795736)	(2.0, 13.489726175922295)	(3.0, 8.533436309658006)	(4.0, 6.021172995715387)	(5.0, 4.6012088407809815)	(6.0, 3.66107176963971)	(7.0, 3.108804482279574)	(8.0, 2.5217095840669455)	(9.0, 2.187231791072274)	('>10', 16.461492450681874)	('>50', 1.4854768563049057)	('>100', 1.8969671699702226)	('>500', 0.16763938738793435)	('>1k', 0.43341363856254533)	('>5k', 0.0)	('>10k+', 0.0)
ERR346601_1	(1.0, 24.091217519565518)	(2.0, 6.885016635920212)	(3.0, 7.693984852041528)	(4.0, 7.8414136474574345)	(5.0, 7.164299449919922)	(6.0, 6.2897330643654605)	(7.0, 5.660971830254598)	(8.0, 4.721856874670774)	(9.0, 4.061603103429818)	('>10', 24.189174675328275)	('>50', 0.32209599808125866)	('>100', 0.5068732823367926)	('>500', 0.42295160549276856)	('>1k', 0.1488074611356232)	('>5k', 0.0)	('>10k+', 0.0)
ERR346601_2	(1.0, 37.19362836549707)	(2.0, 11.232722391551624)	(3.0, 7.427228170364721)	(4.0, 5.482648605132497)	(5.0, 4.271129475692663)	(6.0, 3.508067528056154)	(7.0, 2.9825497167188177)	(8.0, 2.5142039199690727)	(9.0, 2.093300852675459)	('>10', 18.242402427626622)	('>50', 2.0590663688262114)	('>100', 2.207973657173892)	('>500', 0.35250093788497966)	('>1k', 0.432577582830213)	('>5k', 0.0)	('>10k+', 0.0)
