Sample	0	1	2	3	4	5	6	7	8	9	10	11	12	13	14	15	16	17	18	19	20	21	22	23	24	25	26	27	28	29	30	31	32	33	34	35	36	37	38	39	40	41	42	43	44	45	46	47	48	49	50	51	52	53	54	55	56	57	58	59	60	61	62	63	64	65	66	67	68	69	70	71	72	73	74	75	76	77	78	79	80	81	82	83	84	85	86	87	88	89	90	91	92	93	94	95	96	97	98	99	100
ERR346596_1	(0.0, 0.5)	(1.0, 0.6666666666666666)	(2.0, 3.3333333333333335)	(3.0, 6.333333333333331)	(4.0, 7.33333333333333)	(5.0, 7.33333333333333)	(6.0, 5.999999999999998)	(7.0, 7.33333333333333)	(8.0, 6.333333333333331)	(9.0, 8.33333333333333)	(10.0, 7.666666666666663)	(11.0, 10.0)	(12.0, 11.000000000000002)	(13.0, 10.0)	(14.0, 19.666666666666664)	(15.0, 16.333333333333343)	(16.0, 11.333333333333336)	(17.0, 16.333333333333343)	(18.0, 16.333333333333343)	(19.0, 19.666666666666664)	(20.0, 16.333333333333343)	(21.0, 22.666666666666654)	(22.0, 24.666666666666647)	(23.0, 25.33333333333331)	(24.0, 26.333333333333307)	(25.0, 28.999999999999964)	(26.0, 26.66666666666664)	(27.0, 32.99999999999996)	(28.0, 42.00000000000002)	(29.0, 50.00000000000008)	(30.0, 63.333333333333506)	(31.0, 94.99999999999973)	(32.0, 128.3333333333326)	(33.0, 147.33333333333314)	(34.0, 167.66666666666706)	(35.0, 220.33333333333522)	(36.0, 277.0000000000017)	(37.0, 404.6666666666611)	(38.0, 628.6666666666682)	(39.0, 1142.3333333333528)	(40.0, 2007.6666666664894)	(41.0, 3432.3333333337764)	(42.0, 5487.333333332813)	(43.0, 7901.999999997283)	(44.0, 10588.666666668045)	(45.0, 13521.66666667338)	(46.0, 17561.6666666743)	(47.0, 23337.99999998662)	(48.0, 30627.666666626767)	(49.0, 40259.66666667349)	(50.0, 54068.66666677396)	(51.0, 71843.33333343228)	(52.0, 92444.99999979915)	(53.0, 109747.99999954736)	(54.0, 105142.99999961437)	(55.0, 73695.33333340533)	(56.0, 36397.33333331205)	(57.0, 13814.000000007245)	(58.0, 4822.333333333418)	(59.0, 1795.9999999998709)	(60.0, 1009.3333333333782)	(61.0, 701.0000000000098)	(62.0, 469.3333333333241)	(63.0, 346.3333333333311)	(64.0, 396.33333333332826)	(65.0, 423.66666666666003)	(66.0, 315.33333333333286)	(67.0, 184.66666666666754)	(68.0, 104.33333333333293)	(69.0, 73.00000000000004)	(70.0, 53.0000000000001)	(71.0, 46.00000000000005)	(72.0, 30.666666666666625)	(73.0, 29.333333333333297)	(74.0, 18.333333333333336)	(75.0, 12.666666666666671)	(76.0, 14.333333333333341)	(77.0, 13.33333333333334)	(78.0, 9.333333333333332)	(79.0, 7.9999999999999964)	(80.0, 8.666666666666664)	(81.0, 11.000000000000002)	(82.0, 7.9999999999999964)	(83.0, 7.33333333333333)	(84.0, 8.666666666666664)	(85.0, 9.333333333333332)	(86.0, 6.333333333333331)	(87.0, 5.999999999999998)	(88.0, 2.333333333333333)	(89.0, 1.9999999999999998)	(90.0, 4.999999999999999)	(91.0, 4.0)	(92.0, 2.6666666666666665)	(93.0, 2.333333333333333)	(94.0, 1.3333333333333333)	(95.0, 1.6666666666666665)	(96.0, 2.333333333333333)	(97.0, 2.6666666666666665)	(98.0, 4.333333333333333)	(99.0, 7.33333333333333)	(100.0, 11.0)
ERR346596_2	(0.0, 0.0)	(1.0, 0.0)	(2.0, 0.3333333333333333)	(3.0, 0.3333333333333333)	(4.0, 0.0)	(5.0, 1.3333333333333333)	(6.0, 14.666666666666675)	(7.0, 28.666666666666632)	(8.0, 26.99999999999997)	(9.0, 14.333333333333341)	(10.0, 7.9999999999999964)	(11.0, 7.33333333333333)	(12.0, 6.666666666666664)	(13.0, 4.999999999999999)	(14.0, 5.999999999999998)	(15.0, 4.333333333333333)	(16.0, 3.666666666666667)	(17.0, 1.9999999999999998)	(18.0, 4.666666666666666)	(19.0, 4.333333333333333)	(20.0, 3.0)	(21.0, 3.0)	(22.0, 7.666666666666663)	(23.0, 6.333333333333331)	(24.0, 6.999999999999997)	(25.0, 11.000000000000002)	(26.0, 13.33333333333334)	(27.0, 13.666666666666673)	(28.0, 15.333333333333343)	(29.0, 19.333333333333332)	(30.0, 21.333333333333325)	(31.0, 32.66666666666662)	(32.0, 42.66666666666669)	(33.0, 54.33333333333344)	(34.0, 84.66666666666654)	(35.0, 157.66666666666677)	(36.0, 323.99999999999903)	(37.0, 633.6666666666688)	(38.0, 1177.666666666678)	(39.0, 2169.999999999869)	(40.0, 3873.6666666673104)	(41.0, 6189.666666665507)	(42.0, 8826.333333331506)	(43.0, 11609.333333336568)	(44.0, 13898.000000007398)	(45.0, 16456.66666667832)	(46.0, 22197.333333324103)	(47.0, 35965.33333330891)	(48.0, 56139.333333455696)	(49.0, 75205.00000005003)	(50.0, 89906.33333316943)	(51.0, 99536.66666636262)	(52.0, 101583.33333299951)	(53.0, 81158.99999996339)	(54.0, 52086.66666675954)	(55.0, 29301.66666663159)	(56.0, 10198.333333334002)	(57.0, 2204.999999999885)	(58.0, 1130.3333333333555)	(59.0, 939.6666666667036)	(60.0, 814.0000000000226)	(61.0, 661.3333333333386)	(62.0, 329.9999999999987)	(63.0, 273.33333333333525)	(64.0, 336.666666666665)	(65.0, 300.3333333333337)	(66.0, 204.00000000000142)	(67.0, 81.66666666666659)	(68.0, 37.33333333333332)	(69.0, 34.3333333333333)	(70.0, 29.66666666666663)	(71.0, 31.999999999999954)	(72.0, 25.999999999999975)	(73.0, 28.999999999999964)	(74.0, 22.999999999999986)	(75.0, 18.666666666666668)	(76.0, 20.33333333333333)	(77.0, 17.33333333333334)	(78.0, 12.000000000000004)	(79.0, 10.333333333333334)	(80.0, 6.333333333333331)	(81.0, 2.6666666666666665)	(82.0, 2.333333333333333)	(83.0, 1.9999999999999998)	(84.0, 1.0)	(85.0, 1.0)	(86.0, 0.0)	(87.0, 0.0)	(88.0, 0.0)	(89.0, 0.0)	(90.0, 0.0)	(91.0, 0.3333333333333333)	(92.0, 0.3333333333333333)	(93.0, 0.0)	(94.0, 0.0)	(95.0, 0.0)	(96.0, 0.0)	(97.0, 0.0)	(98.0, 0.0)	(99.0, 0.3333333333333333)	(100.0, 0.0)
ERR346597_1	(0.0, 0.5)	(1.0, 2.333333333333333)	(2.0, 4.666666666666666)	(3.0, 4.999999999999999)	(4.0, 5.333333333333332)	(5.0, 5.999999999999998)	(6.0, 7.33333333333333)	(7.0, 7.33333333333333)	(8.0, 7.666666666666663)	(9.0, 7.9999999999999964)	(10.0, 7.666666666666663)	(11.0, 12.000000000000004)	(12.0, 14.333333333333341)	(13.0, 14.000000000000007)	(14.0, 14.333333333333341)	(15.0, 14.666666666666675)	(16.0, 13.33333333333334)	(17.0, 12.000000000000004)	(18.0, 15.000000000000009)	(19.0, 18.333333333333336)	(20.0, 23.66666666666665)	(21.0, 19.999999999999996)	(22.0, 22.33333333333332)	(23.0, 28.3333333333333)	(24.0, 28.666666666666632)	(25.0, 25.33333333333331)	(26.0, 27.333333333333304)	(27.0, 36.66666666666665)	(28.0, 38.666666666666664)	(29.0, 50.66666666666675)	(30.0, 79.99999999999994)	(31.0, 121.99999999999935)	(32.0, 148.66666666666652)	(33.0, 184.66666666666754)	(34.0, 220.00000000000188)	(35.0, 262.6666666666692)	(36.0, 313.9999999999996)	(37.0, 462.3333333333245)	(38.0, 774.3333333333514)	(39.0, 1398.3333333332946)	(40.0, 2520.666666666695)	(41.0, 4310.00000000055)	(42.0, 6789.666666664962)	(43.0, 10064.333333333758)	(44.0, 13749.000000007127)	(45.0, 17733.666666673675)	(46.0, 22793.666666655266)	(47.0, 29444.66666663107)	(48.0, 37215.333333318005)	(49.0, 47549.333333393195)	(50.0, 62181.00000016632)	(51.0, 80963.33333329957)	(52.0, 102969.999999646)	(53.0, 117831.99999942972)	(54.0, 104094.6666662963)	(55.0, 66934.66666683705)	(56.0, 32040.666666621626)	(57.0, 11984.33333333725)	(58.0, 4135.000000000709)	(59.0, 1591.666666666584)	(60.0, 895.0000000000318)	(61.0, 580.3333333333294)	(62.0, 379.99999999999585)	(63.0, 307.0)	(64.0, 311.3333333333331)	(65.0, 327.3333333333322)	(66.0, 242.33333333333584)	(67.0, 148.66666666666652)	(68.0, 85.66666666666653)	(69.0, 60.66666666666682)	(70.0, 47.66666666666673)	(71.0, 35.33333333333331)	(72.0, 27.666666666666636)	(73.0, 26.66666666666664)	(74.0, 17.66666666666667)	(75.0, 17.000000000000007)	(76.0, 13.33333333333334)	(77.0, 12.000000000000004)	(78.0, 11.000000000000002)	(79.0, 12.333333333333337)	(80.0, 7.33333333333333)	(81.0, 11.000000000000002)	(82.0, 9.666666666666666)	(83.0, 7.9999999999999964)	(84.0, 8.666666666666664)	(85.0, 8.666666666666664)	(86.0, 4.999999999999999)	(87.0, 5.666666666666665)	(88.0, 2.6666666666666665)	(89.0, 3.3333333333333335)	(90.0, 4.666666666666666)	(91.0, 4.333333333333333)	(92.0, 3.3333333333333335)	(93.0, 4.0)	(94.0, 4.999999999999999)	(95.0, 7.666666666666663)	(96.0, 5.666666666666665)	(97.0, 1.9999999999999998)	(98.0, 2.6666666666666665)	(99.0, 6.999999999999997)	(100.0, 13.0)
ERR346597_2	(0.0, 0.0)	(1.0, 0.0)	(2.0, 0.0)	(3.0, 0.0)	(4.0, 0.6666666666666666)	(5.0, 7.33333333333333)	(6.0, 17.000000000000007)	(7.0, 33.66666666666663)	(8.0, 30.333333333333293)	(9.0, 18.000000000000004)	(10.0, 9.333333333333332)	(11.0, 4.333333333333333)	(12.0, 5.999999999999998)	(13.0, 2.333333333333333)	(14.0, 4.0)	(15.0, 3.666666666666667)	(16.0, 3.0)	(17.0, 4.0)	(18.0, 5.999999999999998)	(19.0, 4.666666666666666)	(20.0, 4.999999999999999)	(21.0, 5.333333333333332)	(22.0, 4.999999999999999)	(23.0, 4.666666666666666)	(24.0, 5.666666666666665)	(25.0, 10.333333333333334)	(26.0, 13.000000000000005)	(27.0, 14.333333333333341)	(28.0, 19.666666666666664)	(29.0, 24.333333333333314)	(30.0, 28.3333333333333)	(31.0, 41.33333333333335)	(32.0, 50.333333333333414)	(33.0, 78.66666666666663)	(34.0, 166.33333333333368)	(35.0, 337.6666666666649)	(36.0, 651.6666666666708)	(37.0, 1275.3333333333226)	(38.0, 2259.99999999991)	(39.0, 3786.3333333339374)	(40.0, 6074.999999998945)	(41.0, 8887.999999998285)	(42.0, 12167.00000000425)	(43.0, 15291.000000009932)	(44.0, 17798.000000006774)	(45.0, 20147.666666664893)	(46.0, 25579.66666664513)	(47.0, 38604.33333332811)	(48.0, 58300.666666804755)	(49.0, 77464.33333335049)	(50.0, 92926.99999979214)	(51.0, 104261.66666629387)	(52.0, 107092.33333291934)	(53.0, 86021.6666665593)	(54.0, 55562.66666678483)	(55.0, 31460.333333290404)	(56.0, 10966.333333335398)	(57.0, 2401.3333333333076)	(58.0, 1235.666666666665)	(59.0, 972.0000000000406)	(60.0, 736.0000000000138)	(61.0, 555.6666666666599)	(62.0, 289.33333333333434)	(63.0, 270.66666666666873)	(64.0, 326.99999999999886)	(65.0, 239.00000000000242)	(66.0, 155.00000000000003)	(67.0, 75.33333333333334)	(68.0, 36.999999999999986)	(69.0, 24.666666666666647)	(70.0, 21.666666666666657)	(71.0, 23.333333333333318)	(72.0, 23.999999999999982)	(73.0, 28.666666666666632)	(74.0, 25.33333333333331)	(75.0, 21.333333333333325)	(76.0, 22.33333333333332)	(77.0, 18.000000000000004)	(78.0, 5.999999999999998)	(79.0, 8.666666666666664)	(80.0, 6.666666666666664)	(81.0, 6.333333333333331)	(82.0, 2.6666666666666665)	(83.0, 0.6666666666666666)	(84.0, 0.6666666666666666)	(85.0, 0.3333333333333333)	(86.0, 0.3333333333333333)	(87.0, 0.0)	(88.0, 0.0)	(89.0, 0.0)	(90.0, 0.0)	(91.0, 0.0)	(92.0, 0.0)	(93.0, 0.0)	(94.0, 0.3333333333333333)	(95.0, 0.3333333333333333)	(96.0, 0.3333333333333333)	(97.0, 0.3333333333333333)	(98.0, 0.0)	(99.0, 0.0)	(100.0, 0.0)
ERR346598_1	(0.0, 0.5)	(1.0, 4.0)	(2.0, 6.666666666666664)	(3.0, 7.33333333333333)	(4.0, 7.666666666666663)	(5.0, 7.33333333333333)	(6.0, 9.333333333333332)	(7.0, 12.666666666666671)	(8.0, 16.666666666666675)	(9.0, 19.333333333333332)	(10.0, 17.000000000000007)	(11.0, 19.333333333333332)	(12.0, 21.99999999999999)	(13.0, 25.33333333333331)	(14.0, 23.333333333333318)	(15.0, 29.99999999999996)	(16.0, 24.99999999999998)	(17.0, 26.99999999999997)	(18.0, 27.333333333333304)	(19.0, 31.999999999999954)	(20.0, 36.333333333333314)	(21.0, 40.33333333333334)	(22.0, 38.33333333333333)	(23.0, 40.00000000000001)	(24.0, 42.00000000000002)	(25.0, 40.00000000000001)	(26.0, 49.00000000000007)	(27.0, 66.00000000000014)	(28.0, 64.00000000000017)	(29.0, 77.99999999999997)	(30.0, 91.33333333333312)	(31.0, 120.66666666666603)	(32.0, 165.33333333333366)	(33.0, 209.00000000000156)	(34.0, 250.6666666666694)	(35.0, 300.0000000000004)	(36.0, 376.6666666666627)	(37.0, 457.6666666666581)	(38.0, 587.3333333333302)	(39.0, 788.0000000000197)	(40.0, 1038.0000000000432)	(41.0, 1445.333333333284)	(42.0, 2198.3333333332153)	(43.0, 3276.666666667039)	(44.0, 4806.333333333432)	(45.0, 6736.333333331677)	(46.0, 10242.000000000748)	(47.0, 17648.33333334065)	(48.0, 30702.999999959826)	(49.0, 50589.00000008198)	(50.0, 76262.00000003465)	(51.0, 105894.33333293677)	(52.0, 141543.33333287513)	(53.0, 180063.66666732955)	(54.0, 207523.3333347954)	(55.0, 204464.00000137303)	(56.0, 159839.33333340762)	(57.0, 93915.33333311109)	(58.0, 45553.00000004534)	(59.0, 18009.000000006006)	(60.0, 6862.333333331562)	(61.0, 3933.0000000006708)	(62.0, 2727.0000000001223)	(63.0, 1880.9999999998515)	(64.0, 1472.3333333332778)	(65.0, 1471.9999999999445)	(66.0, 1591.666666666584)	(67.0, 1338.9999999999748)	(68.0, 690.6666666666753)	(69.0, 369.3333333333298)	(70.0, 274.3333333333352)	(71.0, 208.66666666666822)	(72.0, 145.66666666666643)	(73.0, 98.66666666666634)	(74.0, 86.33333333333319)	(75.0, 64.00000000000017)	(76.0, 47.00000000000006)	(77.0, 36.999999999999986)	(78.0, 34.99999999999997)	(79.0, 37.66666666666666)	(80.0, 32.66666666666662)	(81.0, 30.333333333333293)	(82.0, 33.33333333333329)	(83.0, 25.666666666666643)	(84.0, 21.99999999999999)	(85.0, 20.999999999999993)	(86.0, 18.666666666666668)	(87.0, 14.333333333333341)	(88.0, 11.333333333333336)	(89.0, 8.999999999999998)	(90.0, 10.0)	(91.0, 7.666666666666663)	(92.0, 6.666666666666664)	(93.0, 7.666666666666663)	(94.0, 8.666666666666664)	(95.0, 5.333333333333332)	(96.0, 6.999999999999997)	(97.0, 7.9999999999999964)	(98.0, 8.999999999999998)	(99.0, 9.333333333333332)	(100.0, 23.0)
ERR346598_2	(0.0, 0.0)	(1.0, 0.0)	(2.0, 0.0)	(3.0, 0.0)	(4.0, 1.3333333333333333)	(5.0, 6.999999999999997)	(6.0, 22.666666666666654)	(7.0, 51.33333333333342)	(8.0, 58.33333333333347)	(9.0, 29.333333333333297)	(10.0, 16.333333333333343)	(11.0, 12.666666666666671)	(12.0, 6.666666666666664)	(13.0, 6.999999999999997)	(14.0, 4.999999999999999)	(15.0, 7.666666666666663)	(16.0, 7.9999999999999964)	(17.0, 7.9999999999999964)	(18.0, 10.333333333333334)	(19.0, 8.666666666666664)	(20.0, 6.999999999999997)	(21.0, 6.999999999999997)	(22.0, 12.333333333333337)	(23.0, 14.000000000000007)	(24.0, 14.000000000000007)	(25.0, 14.666666666666675)	(26.0, 17.66666666666667)	(27.0, 21.333333333333325)	(28.0, 28.999999999999964)	(29.0, 38.666666666666664)	(30.0, 37.33333333333332)	(31.0, 43.6666666666667)	(32.0, 65.66666666666681)	(33.0, 78.66666666666663)	(34.0, 117.33333333333275)	(35.0, 166.33333333333368)	(36.0, 247.333333333336)	(37.0, 368.66666666666316)	(38.0, 591.9999999999974)	(39.0, 1015.0000000000455)	(40.0, 1659.9999999999018)	(41.0, 2522.000000000029)	(42.0, 3743.333333333918)	(43.0, 5356.999999999598)	(44.0, 7399.99999999774)	(45.0, 11879.000000003725)	(46.0, 27481.66666663821)	(47.0, 65055.00000018723)	(48.0, 113001.33333283335)	(49.0, 149675.9999997785)	(50.0, 178931.33333396327)	(51.0, 208881.33333483493)	(52.0, 226221.00000200624)	(53.0, 174927.0000005134)	(54.0, 100016.99999968897)	(55.0, 56603.000000125736)	(56.0, 25129.666666646768)	(57.0, 7805.333333330705)	(58.0, 3939.333333334007)	(59.0, 3308.0000000003865)	(60.0, 2998.0000000002456)	(61.0, 2652.000000000088)	(62.0, 1432.9999999999534)	(63.0, 925.666666666702)	(64.0, 1219.000000000002)	(65.0, 1280.3333333333214)	(66.0, 884.333333333364)	(67.0, 308.33333333333326)	(68.0, 128.3333333333326)	(69.0, 93.99999999999974)	(70.0, 90.66666666666646)	(71.0, 105.33333333333292)	(72.0, 108.99999999999953)	(73.0, 100.99999999999964)	(74.0, 91.99999999999977)	(75.0, 90.33333333333313)	(76.0, 72.00000000000006)	(77.0, 67.33333333333346)	(78.0, 52.33333333333343)	(79.0, 39.0)	(80.0, 23.333333333333318)	(81.0, 17.33333333333334)	(82.0, 8.666666666666664)	(83.0, 3.3333333333333335)	(84.0, 4.0)	(85.0, 3.0)	(86.0, 1.0)	(87.0, 0.6666666666666666)	(88.0, 0.3333333333333333)	(89.0, 0.6666666666666666)	(90.0, 1.0)	(91.0, 0.6666666666666666)	(92.0, 0.0)	(93.0, 0.0)	(94.0, 0.3333333333333333)	(95.0, 0.3333333333333333)	(96.0, 0.0)	(97.0, 0.0)	(98.0, 0.3333333333333333)	(99.0, 0.6666666666666666)	(100.0, 0.0)
ERR346599_1	(0.0, 0.0)	(1.0, 0.0)	(2.0, 0.0)	(3.0, 0.0)	(4.0, 1.0)	(5.0, 5.333333333333332)	(6.0, 14.000000000000007)	(7.0, 24.666666666666647)	(8.0, 34.3333333333333)	(9.0, 15.666666666666677)	(10.0, 5.333333333333332)	(11.0, 4.666666666666666)	(12.0, 3.666666666666667)	(13.0, 4.666666666666666)	(14.0, 5.999999999999998)	(15.0, 4.666666666666666)	(16.0, 4.666666666666666)	(17.0, 4.0)	(18.0, 4.0)	(19.0, 4.999999999999999)	(20.0, 5.666666666666665)	(21.0, 6.999999999999997)	(22.0, 6.333333333333331)	(23.0, 5.666666666666665)	(24.0, 7.666666666666663)	(25.0, 11.333333333333336)	(26.0, 11.66666666666667)	(27.0, 14.333333333333341)	(28.0, 19.0)	(29.0, 21.99999999999999)	(30.0, 19.666666666666664)	(31.0, 24.99999999999998)	(32.0, 34.3333333333333)	(33.0, 44.66666666666671)	(34.0, 74.00000000000003)	(35.0, 121.99999999999935)	(36.0, 193.0000000000011)	(37.0, 351.3333333333308)	(38.0, 634.3333333333355)	(39.0, 1101.0000000000289)	(40.0, 1802.9999999998693)	(41.0, 2699.0000000001096)	(42.0, 3779.6666666672677)	(43.0, 5049.999999999877)	(44.0, 6414.666666665303)	(45.0, 8852.666666664887)	(46.0, 16751.666666677247)	(47.0, 35822.33333330787)	(48.0, 59909.66666681646)	(49.0, 78476.33333333576)	(50.0, 93157.66666645545)	(51.0, 107538.33333291285)	(52.0, 115541.66666612972)	(53.0, 89567.99999984102)	(54.0, 51049.000000085325)	(55.0, 28748.666666633602)	(56.0, 12731.000000005275)	(57.0, 3730.333333333912)	(58.0, 1724.6666666665537)	(59.0, 1429.3333333332876)	(60.0, 1276.3333333333223)	(61.0, 1109.3333333333603)	(62.0, 613.6666666666665)	(63.0, 429.3333333333264)	(64.0, 573.666666666662)	(65.0, 661.0000000000052)	(66.0, 455.3333333333249)	(67.0, 163.3333333333336)	(68.0, 57.00000000000013)	(69.0, 43.00000000000003)	(70.0, 35.66666666666664)	(71.0, 38.33333333333333)	(72.0, 40.00000000000001)	(73.0, 47.66666666666673)	(74.0, 44.000000000000036)	(75.0, 34.99999999999997)	(76.0, 36.66666666666665)	(77.0, 31.66666666666662)	(78.0, 22.999999999999986)	(79.0, 14.666666666666675)	(80.0, 10.333333333333334)	(81.0, 5.999999999999998)	(82.0, 5.666666666666665)	(83.0, 1.6666666666666665)	(84.0, 1.6666666666666665)	(85.0, 0.6666666666666666)	(86.0, 1.0)	(87.0, 1.3333333333333333)	(88.0, 0.6666666666666666)	(89.0, 0.0)	(90.0, 0.0)	(91.0, 0.0)	(92.0, 0.0)	(93.0, 0.0)	(94.0, 0.3333333333333333)	(95.0, 0.0)	(96.0, 0.0)	(97.0, 0.0)	(98.0, 0.0)	(99.0, 0.0)	(100.0, 0.0)
ERR346599_2	(0.0, 0.0)	(1.0, 1.9999999999999998)	(2.0, 3.666666666666667)	(3.0, 4.999999999999999)	(4.0, 6.666666666666664)	(5.0, 4.333333333333333)	(6.0, 1.6666666666666665)	(7.0, 4.999999999999999)	(8.0, 7.9999999999999964)	(9.0, 9.666666666666666)	(10.0, 9.666666666666666)	(11.0, 12.666666666666671)	(12.0, 11.66666666666667)	(13.0, 16.666666666666675)	(14.0, 15.000000000000009)	(15.0, 12.666666666666671)	(16.0, 11.000000000000002)	(17.0, 19.666666666666664)	(18.0, 15.666666666666677)	(19.0, 15.666666666666677)	(20.0, 16.00000000000001)	(21.0, 19.0)	(22.0, 19.0)	(23.0, 24.333333333333314)	(24.0, 27.666666666666636)	(25.0, 26.99999999999997)	(26.0, 26.66666666666664)	(27.0, 34.99999999999997)	(28.0, 40.00000000000001)	(29.0, 42.00000000000002)	(30.0, 51.66666666666676)	(31.0, 69.66666666666676)	(32.0, 93.66666666666642)	(33.0, 116.99999999999942)	(34.0, 141.99999999999966)	(35.0, 193.0000000000011)	(36.0, 227.66666666666876)	(37.0, 273.00000000000193)	(38.0, 366.6666666666633)	(39.0, 549.9999999999926)	(40.0, 896.6666666666987)	(41.0, 1408.6666666666256)	(42.0, 2264.6666666665787)	(43.0, 3343.0000000004025)	(44.0, 4667.000000000226)	(45.0, 6265.999999998771)	(46.0, 9294.999999999025)	(47.0, 14664.000000008791)	(48.0, 22822.33333332183)	(49.0, 33990.33333329454)	(50.0, 47698.33333339428)	(51.0, 64201.00000018102)	(52.0, 83204.33333326696)	(53.0, 100707.66666634558)	(54.0, 107509.99999957993)	(55.0, 95135.99999976)	(56.0, 65883.00000018568)	(57.0, 35480.66666663872)	(58.0, 15829.00000001091)	(59.0, 6086.333333332268)	(60.0, 2541.0000000000377)	(61.0, 1549.6666666665935)	(62.0, 1002.6666666667107)	(63.0, 688.0000000000083)	(64.0, 655.6666666666713)	(65.0, 749.0000000000152)	(66.0, 720.6666666666787)	(67.0, 470.33333333332405)	(68.0, 212.66666666666833)	(69.0, 128.3333333333326)	(70.0, 89.66666666666647)	(71.0, 75.33333333333334)	(72.0, 62.00000000000016)	(73.0, 44.000000000000036)	(74.0, 35.99999999999998)	(75.0, 30.999999999999957)	(76.0, 21.333333333333325)	(77.0, 17.000000000000007)	(78.0, 18.000000000000004)	(79.0, 16.00000000000001)	(80.0, 17.000000000000007)	(81.0, 15.666666666666677)	(82.0, 12.666666666666671)	(83.0, 11.000000000000002)	(84.0, 13.666666666666673)	(85.0, 12.333333333333337)	(86.0, 5.999999999999998)	(87.0, 2.333333333333333)	(88.0, 4.999999999999999)	(89.0, 3.666666666666667)	(90.0, 3.0)	(91.0, 4.333333333333333)	(92.0, 5.666666666666665)	(93.0, 4.333333333333333)	(94.0, 2.6666666666666665)	(95.0, 3.666666666666667)	(96.0, 3.666666666666667)	(97.0, 5.333333333333332)	(98.0, 7.9999999999999964)	(99.0, 8.33333333333333)	(100.0, 19.0)
ERR346600_1	(0.0, 1.0)	(1.0, 2.6666666666666665)	(2.0, 3.0)	(3.0, 4.333333333333333)	(4.0, 3.666666666666667)	(5.0, 3.666666666666667)	(6.0, 3.3333333333333335)	(7.0, 3.3333333333333335)	(8.0, 4.666666666666666)	(9.0, 5.666666666666665)	(10.0, 6.666666666666664)	(11.0, 3.666666666666667)	(12.0, 6.333333333333331)	(13.0, 6.333333333333331)	(14.0, 12.000000000000004)	(15.0, 11.000000000000002)	(16.0, 9.666666666666666)	(17.0, 10.333333333333334)	(18.0, 10.333333333333334)	(19.0, 12.000000000000004)	(20.0, 14.666666666666675)	(21.0, 13.33333333333334)	(22.0, 13.666666666666673)	(23.0, 19.999999999999996)	(24.0, 17.33333333333334)	(25.0, 18.333333333333336)	(26.0, 22.666666666666654)	(27.0, 23.999999999999982)	(28.0, 25.999999999999975)	(29.0, 39.333333333333336)	(30.0, 56.66666666666679)	(31.0, 76.33333333333333)	(32.0, 86.99999999999984)	(33.0, 105.33333333333292)	(34.0, 146.66666666666646)	(35.0, 173.00000000000054)	(36.0, 198.00000000000125)	(37.0, 227.66666666666876)	(38.0, 261.66666666666924)	(39.0, 341.6666666666647)	(40.0, 437.66666666665924)	(41.0, 534.9999999999909)	(42.0, 645.3333333333368)	(43.0, 940.6666666667037)	(44.0, 1413.6666666666245)	(45.0, 2858.000000000182)	(46.0, 7007.33333333143)	(47.0, 13887.666666674046)	(48.0, 23238.99999998698)	(49.0, 36882.66666664892)	(50.0, 54646.0000001115)	(51.0, 74248.33333339728)	(52.0, 94797.33333309826)	(53.0, 100205.66666635289)	(54.0, 73353.66666674364)	(55.0, 36013.99999997593)	(56.0, 12934.333333338978)	(57.0, 3951.3333333340124)	(58.0, 1139.0000000000202)	(59.0, 450.6666666666585)	(60.0, 271.6666666666687)	(61.0, 175.33333333333394)	(62.0, 121.99999999999935)	(63.0, 137.6666666666662)	(64.0, 154.33333333333334)	(65.0, 137.6666666666662)	(66.0, 92.66666666666643)	(67.0, 53.66666666666677)	(68.0, 28.999999999999964)	(69.0, 21.333333333333325)	(70.0, 13.000000000000005)	(71.0, 10.666666666666668)	(72.0, 10.0)	(73.0, 9.333333333333332)	(74.0, 6.666666666666664)	(75.0, 3.666666666666667)	(76.0, 4.333333333333333)	(77.0, 3.0)	(78.0, 3.0)	(79.0, 2.6666666666666665)	(80.0, 3.3333333333333335)	(81.0, 3.666666666666667)	(82.0, 3.666666666666667)	(83.0, 4.333333333333333)	(84.0, 4.666666666666666)	(85.0, 4.333333333333333)	(86.0, 1.0)	(87.0, 2.6666666666666665)	(88.0, 4.666666666666666)	(89.0, 3.666666666666667)	(90.0, 3.0)	(91.0, 3.0)	(92.0, 2.333333333333333)	(93.0, 1.9999999999999998)	(94.0, 1.0)	(95.0, 1.9999999999999998)	(96.0, 2.6666666666666665)	(97.0, 1.3333333333333333)	(98.0, 1.9999999999999998)	(99.0, 4.0)	(100.0, 7.5)
ERR346600_2	(0.0, 0.0)	(1.0, 0.0)	(2.0, 0.0)	(3.0, 0.0)	(4.0, 0.0)	(5.0, 0.6666666666666666)	(6.0, 5.999999999999998)	(7.0, 18.666666666666668)	(8.0, 21.99999999999999)	(9.0, 13.33333333333334)	(10.0, 4.0)	(11.0, 1.9999999999999998)	(12.0, 3.0)	(13.0, 1.3333333333333333)	(14.0, 2.6666666666666665)	(15.0, 1.9999999999999998)	(16.0, 1.3333333333333333)	(17.0, 1.6666666666666665)	(18.0, 3.3333333333333335)	(19.0, 4.333333333333333)	(20.0, 1.9999999999999998)	(21.0, 2.6666666666666665)	(22.0, 5.666666666666665)	(23.0, 4.0)	(24.0, 5.666666666666665)	(25.0, 6.666666666666664)	(26.0, 5.999999999999998)	(27.0, 7.666666666666663)	(28.0, 11.333333333333336)	(29.0, 11.66666666666667)	(30.0, 18.000000000000004)	(31.0, 25.999999999999975)	(32.0, 26.66666666666664)	(33.0, 41.000000000000014)	(34.0, 73.6666666666667)	(35.0, 96.9999999999997)	(36.0, 139.33333333333292)	(37.0, 190.6666666666677)	(38.0, 250.00000000000273)	(39.0, 322.6666666666658)	(40.0, 448.3333333333253)	(41.0, 599.6666666666649)	(42.0, 786.0000000000194)	(43.0, 961.3333333333727)	(44.0, 1222.3333333333346)	(45.0, 2478.666666666676)	(46.0, 8039.999999997158)	(47.0, 21568.999999993055)	(48.0, 40703.00000001005)	(49.0, 59000.33333347651)	(50.0, 74067.00000006659)	(51.0, 85495.66666656695)	(52.0, 88634.66666652127)	(53.0, 71507.33333343717)	(54.0, 46656.3333333867)	(55.0, 26752.666666640864)	(56.0, 9177.666666665478)	(57.0, 1676.999999999898)	(58.0, 471.333333333324)	(59.0, 272.6666666666686)	(60.0, 199.33333333333462)	(61.0, 166.00000000000034)	(62.0, 97.66666666666636)	(63.0, 53.0000000000001)	(64.0, 53.0000000000001)	(65.0, 47.33333333333339)	(66.0, 43.333333333333364)	(67.0, 34.99999999999997)	(68.0, 38.666666666666664)	(69.0, 27.666666666666636)	(70.0, 27.999999999999968)	(71.0, 30.999999999999957)	(72.0, 31.66666666666662)	(73.0, 34.666666666666636)	(74.0, 33.66666666666663)	(75.0, 27.666666666666636)	(76.0, 23.333333333333318)	(77.0, 18.666666666666668)	(78.0, 15.666666666666677)	(79.0, 9.333333333333332)	(80.0, 9.666666666666666)	(81.0, 5.999999999999998)	(82.0, 2.333333333333333)	(83.0, 0.6666666666666666)	(84.0, 1.0)	(85.0, 1.0)	(86.0, 0.6666666666666666)	(87.0, 0.6666666666666666)	(88.0, 0.3333333333333333)	(89.0, 0.0)	(90.0, 0.0)	(91.0, 0.0)	(92.0, 0.0)	(93.0, 0.0)	(94.0, 0.0)	(95.0, 0.0)	(96.0, 0.0)	(97.0, 0.0)	(98.0, 0.0)	(99.0, 0.0)	(100.0, 0.0)
ERR346601_1	(0.0, 1.0)	(1.0, 3.3333333333333335)	(2.0, 4.0)	(3.0, 7.33333333333333)	(4.0, 2.333333333333333)	(5.0, 3.666666666666667)	(6.0, 4.0)	(7.0, 4.0)	(8.0, 8.33333333333333)	(9.0, 10.0)	(10.0, 11.333333333333336)	(11.0, 12.666666666666671)	(12.0, 11.333333333333336)	(13.0, 13.33333333333334)	(14.0, 11.000000000000002)	(15.0, 15.000000000000009)	(16.0, 14.333333333333341)	(17.0, 17.000000000000007)	(18.0, 18.000000000000004)	(19.0, 21.333333333333325)	(20.0, 19.0)	(21.0, 19.333333333333332)	(22.0, 22.33333333333332)	(23.0, 27.666666666666636)	(24.0, 24.666666666666647)	(25.0, 30.333333333333293)	(26.0, 36.999999999999986)	(27.0, 38.33333333333333)	(28.0, 42.33333333333336)	(29.0, 48.666666666666735)	(30.0, 69.66666666666676)	(31.0, 93.99999999999974)	(32.0, 118.99999999999939)	(33.0, 136.66666666666617)	(34.0, 176.00000000000063)	(35.0, 211.00000000000162)	(36.0, 254.00000000000284)	(37.0, 318.9999999999993)	(38.0, 461.33333333332456)	(39.0, 701.3333333333431)	(40.0, 1156.0000000000164)	(41.0, 1780.3333333332077)	(42.0, 2606.0000000000673)	(43.0, 3549.000000000496)	(44.0, 4790.000000000114)	(45.0, 7188.333333331266)	(46.0, 12363.000000004606)	(47.0, 21207.99999999437)	(48.0, 32674.99999995265)	(49.0, 46593.33333338624)	(50.0, 63524.00000017609)	(51.0, 83365.99999993127)	(52.0, 104134.33333296239)	(53.0, 114843.66666613988)	(54.0, 99517.6666663629)	(55.0, 66677.33333350746)	(56.0, 36210.66666664403)	(57.0, 15722.000000010716)	(58.0, 5905.333333332433)	(59.0, 2365.333333333291)	(60.0, 1176.6666666666783)	(61.0, 661.0000000000052)	(62.0, 416.66666666666043)	(63.0, 384.99999999999557)	(64.0, 474.66666666665714)	(65.0, 451.33333333332513)	(66.0, 270.0000000000021)	(67.0, 133.6666666666661)	(68.0, 78.66666666666663)	(69.0, 57.00000000000013)	(70.0, 49.33333333333341)	(71.0, 40.66666666666668)	(72.0, 28.999999999999964)	(73.0, 20.999999999999993)	(74.0, 21.666666666666657)	(75.0, 16.00000000000001)	(76.0, 8.999999999999998)	(77.0, 8.33333333333333)	(78.0, 11.66666666666667)	(79.0, 12.333333333333337)	(80.0, 12.666666666666671)	(81.0, 7.666666666666663)	(82.0, 6.666666666666664)	(83.0, 10.0)	(84.0, 12.666666666666671)	(85.0, 8.999999999999998)	(86.0, 4.0)	(87.0, 3.3333333333333335)	(88.0, 4.333333333333333)	(89.0, 3.666666666666667)	(90.0, 2.333333333333333)	(91.0, 4.0)	(92.0, 5.333333333333332)	(93.0, 4.0)	(94.0, 3.666666666666667)	(95.0, 4.0)	(96.0, 4.0)	(97.0, 4.999999999999999)	(98.0, 4.666666666666666)	(99.0, 5.999999999999998)	(100.0, 16.5)
ERR346601_2	(0.0, 0.0)	(1.0, 0.3333333333333333)	(2.0, 0.3333333333333333)	(3.0, 0.0)	(4.0, 0.3333333333333333)	(5.0, 5.333333333333332)	(6.0, 16.00000000000001)	(7.0, 28.3333333333333)	(8.0, 23.999999999999982)	(9.0, 13.666666666666673)	(10.0, 5.333333333333332)	(11.0, 5.666666666666665)	(12.0, 5.666666666666665)	(13.0, 5.666666666666665)	(14.0, 5.999999999999998)	(15.0, 5.333333333333332)	(16.0, 3.666666666666667)	(17.0, 3.666666666666667)	(18.0, 3.666666666666667)	(19.0, 4.0)	(20.0, 4.333333333333333)	(21.0, 5.333333333333332)	(22.0, 5.333333333333332)	(23.0, 7.33333333333333)	(24.0, 7.9999999999999964)	(25.0, 9.333333333333332)	(26.0, 9.666666666666666)	(27.0, 10.666666666666668)	(28.0, 12.666666666666671)	(29.0, 17.33333333333334)	(30.0, 16.00000000000001)	(31.0, 26.66666666666664)	(32.0, 30.666666666666625)	(33.0, 47.33333333333339)	(34.0, 75.33333333333334)	(35.0, 124.9999999999993)	(36.0, 246.33333333333596)	(37.0, 426.66666666665986)	(38.0, 713.0000000000111)	(39.0, 1184.3333333333433)	(40.0, 1784.3333333332068)	(41.0, 2524.3333333333635)	(42.0, 3368.000000000414)	(43.0, 4138.33333333404)	(44.0, 5069.666666666526)	(45.0, 7209.333333331247)	(46.0, 14949.333333342644)	(47.0, 34120.99999996216)	(48.0, 59073.33333347704)	(49.0, 77979.33333334299)	(50.0, 94040.6666664426)	(51.0, 109786.33333288014)	(52.0, 118468.3333327538)	(53.0, 91878.99999980739)	(54.0, 52899.66666676546)	(55.0, 30205.6666666283)	(56.0, 13179.666666672758)	(57.0, 3564.000000000503)	(58.0, 1379.9999999999654)	(59.0, 1027.333333333379)	(60.0, 865.6666666666952)	(61.0, 712.6666666666778)	(62.0, 338.66666666666487)	(63.0, 282.66666666666805)	(64.0, 409.66666666666083)	(65.0, 412.999999999994)	(66.0, 286.3333333333345)	(67.0, 92.66666666666643)	(68.0, 20.999999999999993)	(69.0, 14.666666666666675)	(70.0, 14.666666666666675)	(71.0, 17.66666666666667)	(72.0, 16.333333333333343)	(73.0, 14.666666666666675)	(74.0, 11.66666666666667)	(75.0, 11.66666666666667)	(76.0, 12.333333333333337)	(77.0, 12.666666666666671)	(78.0, 10.333333333333334)	(79.0, 5.666666666666665)	(80.0, 1.9999999999999998)	(81.0, 2.6666666666666665)	(82.0, 2.333333333333333)	(83.0, 1.3333333333333333)	(84.0, 1.0)	(85.0, 0.6666666666666666)	(86.0, 0.3333333333333333)	(87.0, 0.6666666666666666)	(88.0, 0.3333333333333333)	(89.0, 0.0)	(90.0, 0.0)	(91.0, 0.0)	(92.0, 0.0)	(93.0, 0.0)	(94.0, 0.0)	(95.0, 0.0)	(96.0, 0.0)	(97.0, 0.0)	(98.0, 0.0)	(99.0, 0.0)	(100.0, 0.5)
