Sample	0	1	2	3	4	5	6	7	8	9	10	11	12	13	14	15	16	17	18	19	20	21	22	23	24	25	26	27	28	29	30	31	32	33	34	35	36	37	38	39	40	41	42	43	44	45	46	47	48	49	50	51	52	53	54	55	56	57
ERR346596_1	(1, 0.023877335179296768)	(2, 0.035919218915253355)	(3, 0.023739713650885837)	(4, 0.04582796896084048)	(5, 0.04066716164543052)	(6, 0.052089748503537904)	(7, 0.061310390907070376)	(8, 0.05497980060016749)	(9, 0.039841432474964925)	(10, 0.04500223979037488)	(15, 0.04340583006080807)	(20, 0.046227071393232184)	(25, 0.03631832134764505)	(30, 0.016487059103629697)	(35, 0.03633208350048615)	(40, 0.04837396723644273)	(45, 0.021001045235508282)	(50, 0.0027386684153775545)	(55, 0.01411996881496166)	(60, 0.006096633708604304)	(65, 0.012220791722890794)	(70, 0.024441583445781588)	(75, 0.024070005319072073)	(80, 0.025308599074770465)	(85, 0.027249062625364612)	(90, 0.015675092086005198)	(95, 0.009069258722280444)	(100, 0.025088404629312975)	(105, 0.05654868602405211)	(110, 0.05036947939840125)	(115, 0.041671798802830326)	(120, 0.0691961044850168)	(125, 0.0997343216394027)	(130, 0.16436139138117653)	(135, 0.2570219664602573)	(140, 0.23957155665775107)	(145, 0.23472727885768627)	(150, 0.279412989132716)	(155, 0.2559622806914931)	(160, 0.21850170065803734)	(165, 0.20095495578564346)	(170, 0.2275434350746356)	(175, 0.22824530486953137)	(180, 0.2910420082834398)	(185, 0.25220521296587467)	(190, 0.2549989299926166)	(195, 0.24950783100902038)	(200, 0.23092892467354453)	(205, 0.24978307406584224)	(210, 0.27688075300995485)	(215, 0.2588385706352816)	(220, 0.2307500166866103)	(225, 0.25253550463406094)	(230, 0.24493879626577747)	(235, 0.19689512069752096)	(240, 0.16792578896701968)	(245, 0.28906025827432236)	(250, 0.3195227835880823)
ERR346596_2	(1, 0.12716229225170153)	(2, 0.09365145008363948)	(3, 0.0828481601033813)	(4, 0.07321465311461603)	(5, 0.07218249165153404)	(6, 0.05202093773933244)	(7, 0.06337471383323436)	(8, 0.05766342040418067)	(9, 0.04699775195233341)	(10, 0.04220852276363296)	(15, 0.04198832831817547)	(20, 0.04223604706931515)	(25, 0.06718683017021719)	(30, 0.03686880746128879)	(35, 0.029671201525397022)	(40, 0.026836198040131813)	(45, 0.022803887257691495)	(50, 0.01903305737923195)	(55, 0.018289901125812913)	(60, 0.022377260519617602)	(65, 0.021358861209376703)	(70, 0.018427522654223847)	(75, 0.01619805389396674)	(80, 0.021083618152554842)	(85, 0.021675390724721848)	(90, 0.02303784385599008)	(95, 0.025143453240677342)	(100, 0.022941508786102426)	(105, 0.020615704955957673)	(110, 0.02536364768613484)	(115, 0.02590037164693747)	(120, 0.03289154529021284)	(125, 0.034171425504434506)	(130, 0.027262824778205706)	(135, 0.0285014185339041)	(140, 0.02825369978276442)	(145, 0.031322659866328206)	(150, 0.03525863557888087)	(155, 0.041534177274419395)	(160, 0.022597454965075096)	(165, 0.02577651227136763)	(170, 0.03465310085387278)	(175, 0.055805529770633085)	(180, 0.08005444307663936)	(185, 0.0691961044850168)	(190, 0.07053103331060284)	(195, 0.09025219833188945)	(200, 0.0842518996931728)	(205, 0.08213252815564444)	(210, 0.08366012712100579)	(215, 0.08871083721368701)	(220, 0.07629737535102091)	(225, 0.0962524969706061)	(230, 0.07303574512768182)	(235, 0.05705788567917257)	(240, 0.02800598103162474)	(245, 0.013459385478589188)	(250, 0.023636497504577636)
ERR346597_1	(1, 0.024587161807092694)	(2, 0.0384094781597847)	(3, 0.022166664012612067)	(4, 0.044078538783699855)	(5, 0.03853687278054684)	(6, 0.04898323168304219)	(7, 0.06057614217239677)	(8, 0.053633135340860234)	(9, 0.037581413124830806)	(10, 0.04341608675573674)	(15, 0.04198926700320079)	(20, 0.044040320397471217)	(25, 0.03424367406086278)	(30, 0.015402009650142523)	(35, 0.03486790770259726)	(40, 0.04624424733665621)	(45, 0.019924518687198432)	(50, 0.0030192525120626783)	(55, 0.014548465691036197)	(60, 0.006433428348487986)	(65, 0.01230632036562256)	(70, 0.02503304297976018)	(75, 0.024765514276159688)	(80, 0.02526235329713203)	(85, 0.027797506250298584)	(90, 0.016026243291877)	(95, 0.009185152156950172)	(100, 0.024319633103492205)	(105, 0.055696928197206876)	(110, 0.05000238864913929)	(115, 0.04132681497523767)	(120, 0.06837269296303963)	(125, 0.10018312976734557)	(130, 0.16320524865837538)	(135, 0.2535917320891125)	(140, 0.23761644664554038)	(145, 0.23464815198178257)	(150, 0.277809449495995)	(155, 0.2516043760052232)	(160, 0.21641798175072055)	(165, 0.1978311065815246)	(170, 0.22420179307928723)	(175, 0.22409987738267753)	(180, 0.28509642180358935)	(185, 0.24766788222367309)	(190, 0.25113301590840326)	(195, 0.24611366785037503)	(200, 0.22750131375702662)	(205, 0.24482698218067744)	(210, 0.2716945076994124)	(215, 0.25192286255712854)	(220, 0.22478780833479306)	(225, 0.24683981718871922)	(230, 0.24257209739318758)	(235, 0.19286271637180122)	(240, 0.16537095721133177)	(245, 0.2854149083554947)	(250, 0.31963310349220503)
ERR346597_2	(1, 0.12835008041785437)	(2, 0.09535487364046052)	(3, 0.08503590935872733)	(4, 0.0741436692835645)	(5, 0.07286972307594311)	(6, 0.05433380575505199)	(7, 0.0656719270028823)	(8, 0.059811774447823936)	(9, 0.04732710161313439)	(10, 0.0425498033345542)	(15, 0.04186187238243865)	(20, 0.04228227463095371)	(25, 0.06623246333423571)	(30, 0.03676608755195312)	(35, 0.02996321480325493)	(40, 0.026854786056658756)	(45, 0.023122123668328106)	(50, 0.019631511059445515)	(55, 0.01891810118317754)	(60, 0.023580744303071804)	(65, 0.023058426357947037)	(70, 0.01974616621813144)	(75, 0.017414844658184308)	(80, 0.021657085529563514)	(85, 0.0220137904676975)	(90, 0.023427870758157235)	(95, 0.026256031339076707)	(100, 0.023427870758157235)	(105, 0.021644346067487302)	(110, 0.026103157794162144)	(115, 0.026701912511744193)	(120, 0.03428189244709142)	(125, 0.03597624090322786)	(130, 0.027746548401993726)	(135, 0.029504594168511235)	(140, 0.029453636320206377)	(145, 0.032855072694555475)	(150, 0.03744127904199245)	(155, 0.04458811726674841)	(160, 0.024128541172349)	(165, 0.025491663614503876)	(170, 0.03316081978438461)	(175, 0.05365861426501266)	(180, 0.07562144688440531)	(185, 0.06479290411962355)	(190, 0.06492029874038568)	(195, 0.08660286319410163)	(200, 0.07909932003121169)	(205, 0.07771071866490438)	(210, 0.07851330477570584)	(215, 0.08433523894453557)	(220, 0.07262767329649505)	(225, 0.09348217271525709)	(230, 0.06895870821854547)	(235, 0.05288150707836362)	(240, 0.027007659601573326)	(245, 0.013401914104176953)	(250, 0.023090275013137568)
ERR346598_1	(1, 0.025469788082729324)	(2, 0.038420527785812036)	(3, 0.02323938291164286)	(4, 0.04676656003890978)	(5, 0.040075344525650376)	(6, 0.05187490736623685)	(7, 0.06335070171424624)	(8, 0.05590402638497369)	(9, 0.03852845061667105)	(10, 0.044960651335868795)	(15, 0.04313315806665602)	(20, 0.045298809539227075)	(25, 0.035146868583088346)	(30, 0.015656005329948874)	(35, 0.03618292775933497)	(40, 0.04759396840882895)	(45, 0.020037672262825188)	(50, 0.0026764862053037597)	(55, 0.014260203384172183)	(60, 0.005906976275683835)	(65, 0.011727614286680453)	(70, 0.024750302543669174)	(75, 0.02479347167601278)	(80, 0.02500931733773083)	(85, 0.02759946527834737)	(90, 0.016440244567524437)	(95, 0.008921620684345866)	(100, 0.024368975207967297)	(105, 0.05570257043403684)	(110, 0.05006899866319586)	(115, 0.04101067572642857)	(120, 0.06911378088211804)	(125, 0.10159135811529324)	(130, 0.16514351578047634)	(135, 0.25604331878533576)	(140, 0.23925772115906244)	(145, 0.23689780859094514)	(150, 0.28085118017212973)	(155, 0.2557051605819775)	(160, 0.2185581222003019)	(165, 0.2013192486844207)	(170, 0.227638029703241)	(175, 0.22840068437464475)	(180, 0.29448543113731956)	(185, 0.2539496158666707)	(190, 0.25802909887314174)	(195, 0.25336683258003195)	(200, 0.2339263333146267)	(205, 0.25234516311456656)	(210, 0.2801820586208038)	(215, 0.2611372764018816)	(220, 0.23228590628556955)	(225, 0.2560577084961169)	(230, 0.24945283124754475)	(235, 0.20020404609887746)	(240, 0.17101451777920715)	(245, 0.29387386842911845)	(250, 0.3270241646413149)
ERR346598_2	(1, 0.13091039383199438)	(2, 0.09410870850906768)	(3, 0.08453955083956768)	(4, 0.07522221310873872)	(5, 0.07450272756967859)	(6, 0.05446505530685338)	(7, 0.06493356990017857)	(8, 0.05863807143340226)	(9, 0.04852929960960715)	(10, 0.04320510662056203)	(15, 0.04239928281681466)	(20, 0.04244964680454888)	(25, 0.06854538730626053)	(30, 0.03695997214151993)	(35, 0.0291679437534985)	(40, 0.02616768905561767)	(45, 0.02256306650492632)	(50, 0.01885052112337594)	(55, 0.018066281885800377)	(60, 0.02267098933578534)	(65, 0.021987478073678197)	(70, 0.01845480407689286)	(75, 0.016145255496509775)	(80, 0.020678014392588723)	(85, 0.020879470343525566)	(90, 0.022124180326099627)	(95, 0.025376254962651508)	(100, 0.022534287083363913)	(105, 0.02023193335837143)	(110, 0.02515321444554286)	(115, 0.025707218310619173)	(120, 0.03390215860051429)	(125, 0.03524040170316617)	(130, 0.027441178459754134)	(135, 0.029527686523028573)	(140, 0.029506101956856767)	(145, 0.03263586405176842)	(150, 0.03721898693558158)	(155, 0.04404690470126241)	(160, 0.023635099958125943)	(165, 0.02674327748686579)	(170, 0.03529796054629098)	(175, 0.056817773019580076)	(180, 0.08007874049739475)	(185, 0.07039446514164512)	(190, 0.07090529987437783)	(195, 0.09046091682603272)	(200, 0.08394957269753836)	(205, 0.08168319324949887)	(210, 0.08335239970011843)	(215, 0.08913706343416204)	(220, 0.07737347487052858)	(225, 0.09765577221663423)	(230, 0.073610565501244)	(235, 0.05757323283559324)	(240, 0.029225502596623314)	(245, 0.013360846460346994)	(250, 0.02372503565050846)
ERR346599_1	(1, 0.12979231185056977)	(2, 0.09632171042271802)	(3, 0.08636914869468063)	(4, 0.0772346057388107)	(5, 0.07614391404258743)	(6, 0.053921070732038175)	(7, 0.06591867939049421)	(8, 0.061215071450531344)	(9, 0.049081126330047395)	(10, 0.044159380050839865)	(15, 0.043968509004000796)	(20, 0.04376400431095893)	(25, 0.06983153585069521)	(30, 0.03893769355517094)	(35, 0.03134375262021638)	(40, 0.027458163452420963)	(45, 0.02340897053019205)	(50, 0.019755153347844077)	(55, 0.01829635320414545)	(60, 0.02196380403269621)	(65, 0.021213953491542707)	(70, 0.018459956958578938)	(75, 0.016537612843985413)	(80, 0.021541161000409693)	(85, 0.022754555512458086)	(90, 0.024226989302359506)	(95, 0.026612877387847924)	(100, 0.024213355656156715)	(105, 0.02223647695675203)	(110, 0.026599243741645132)	(115, 0.027526331683434917)	(120, 0.03544748012725645)	(125, 0.03623823160701833)	(130, 0.028071677531546557)	(135, 0.02958501226005635)	(140, 0.029435042151825647)	(145, 0.033552403305068514)	(150, 0.03805150655198952)	(155, 0.04445932026730127)	(160, 0.02370891074665345)	(165, 0.023858880854884152)	(170, 0.033293364027215486)	(175, 0.054725455858002856)	(180, 0.07915694985340421)	(185, 0.06943616011081427)	(190, 0.07071772285387663)	(195, 0.08874140313396625)	(200, 0.0827834997433466)	(205, 0.08121563043002565)	(210, 0.08165190710851496)	(215, 0.08799155259281276)	(220, 0.07634841873562928)	(225, 0.09668981887019337)	(230, 0.07261279967606456)	(235, 0.05686593831184103)	(240, 0.02713095594355398)	(245, 0.012161212412889522)	(250, 0.022359179772577148)
ERR346599_2	(1, 0.02413155377893997)	(2, 0.03871955521592628)	(3, 0.023722544392856242)	(4, 0.04403667723501475)	(5, 0.03940123752606583)	(6, 0.049081126330047395)	(7, 0.06026071621633597)	(8, 0.05507993065927542)	(9, 0.0374925270576751)	(10, 0.043750370664756136)	(15, 0.0420052639507989)	(20, 0.04534550727048268)	(25, 0.03469762958610295)	(30, 0.015760495010426333)	(35, 0.035283876372822966)	(40, 0.04715878221545387)	(45, 0.019332510315557556)	(50, 0.0028357984101805163)	(55, 0.013756349018616063)	(60, 0.005194419203263349)	(65, 0.011711302088197421)	(70, 0.023640742515639496)	(75, 0.02313629760613623)	(80, 0.02396795002450648)	(85, 0.026340204463792104)	(90, 0.0149015752996505)	(95, 0.008330157829905267)	(100, 0.02445876128780695)	(105, 0.05708407665108568)	(110, 0.049994580625634395)	(115, 0.042046164889407274)	(120, 0.06811369642914356)	(125, 0.09794411432085014)	(130, 0.1627039337841071)	(135, 0.25520822327004367)	(140, 0.2369527710045066)	(145, 0.23267180609683027)	(150, 0.280880379069899)	(155, 0.2537766904187506)	(160, 0.21639323253069787)	(165, 0.19854678965124453)	(170, 0.2230873528162682)	(175, 0.2249142614074422)	(180, 0.29109198007578946)	(185, 0.2503137442832417)	(190, 0.2548401148225683)	(195, 0.24940028998765473)	(200, 0.22982237404044695)	(205, 0.24833686558383702)	(210, 0.2764358104077892)	(215, 0.25793495251060183)	(220, 0.22934519642334927)	(225, 0.25287686976936646)	(230, 0.24625091771481003)	(235, 0.19573825853346957)	(240, 0.16658952295190255)	(245, 0.29045119870425823)	(250, 0.3254351348606198)
ERR346600_1	(1, 0.021917929326649897)	(2, 0.036008026750924835)	(3, 0.02228629788676166)	(4, 0.0413493708725454)	(5, 0.036836856011176304)	(6, 0.046874899274221844)	(7, 0.05415017833642916)	(8, 0.04751954425441743)	(9, 0.03398199967031014)	(10, 0.040465286328277165)	(15, 0.03904706737184688)	(20, 0.0399495703441207)	(25, 0.031016632761410447)	(30, 0.013942750000230231)	(35, 0.03167969616961162)	(40, 0.0424360581248751)	(45, 0.018142151585504328)	(50, 0.002707508916821458)	(55, 0.012100907199671416)	(60, 0.005636038969709974)	(65, 0.010590596103213187)	(70, 0.021770581902605196)	(75, 0.021475887054515783)	(80, 0.021678489762577254)	(85, 0.023446658851113716)	(90, 0.014992600396548754)	(95, 0.00845405845456496)	(100, 0.02212053203471137)	(105, 0.050484911163317124)	(110, 0.04536458817776362)	(115, 0.03731573513932159)	(120, 0.061057088838524724)	(125, 0.08921886525906901)	(130, 0.14659226849647608)	(135, 0.23041453434990777)	(140, 0.2156061182334149)	(145, 0.21429840984501813)	(150, 0.25098791843214974)	(155, 0.2266755934647734)	(160, 0.19518008157521763)	(165, 0.1776641565419033)	(170, 0.20135025495708966)	(175, 0.20276847391352)	(180, 0.25903677147059173)	(185, 0.22341553170778425)	(190, 0.2272097278769354)	(195, 0.22301032629166131)	(200, 0.20584435139045318)	(205, 0.22186838375531487)	(210, 0.2503432734519541)	(215, 0.2322195402944554)	(220, 0.20429720343798377)	(225, 0.22691503302884602)	(230, 0.2199528672427337)	(235, 0.17617226387345064)	(240, 0.14979707496944844)	(245, 0.2569554891059603)	(250, 0.2849791273164627)
ERR346600_2	(1, 0.12192999339699355)	(2, 0.08739544088651578)	(3, 0.07827831902374964)	(4, 0.06842446004075999)	(5, 0.06704307794034088)	(6, 0.0488088342148086)	(7, 0.05783386393754679)	(8, 0.05276879623601006)	(9, 0.041717739432657164)	(10, 0.03737099042333836)	(15, 0.03733415356732718)	(20, 0.03737099042333836)	(25, 0.0617201522467259)	(30, 0.03289531241798044)	(35, 0.02510431737161665)	(40, 0.02228629788676166)	(45, 0.01913674669780609)	(50, 0.015618826948738751)	(55, 0.015581990092727576)	(60, 0.01963404425395697)	(65, 0.019394604689884323)	(70, 0.01574775594477787)	(75, 0.014255863276325229)	(80, 0.01810531472949315)	(85, 0.018455264861599326)	(90, 0.019781391678001675)	(95, 0.02311512714701313)	(100, 0.020223433950135792)	(105, 0.01871312285367756)	(110, 0.023059871862996364)	(115, 0.023501914135130482)	(120, 0.031016632761410447)	(125, 0.03284005713396367)	(130, 0.02519640951164459)	(135, 0.026338352047991054)	(140, 0.025859472919845763)	(145, 0.0300036192211031)	(150, 0.034626644650505724)	(155, 0.040888910172405694)	(160, 0.021881092470638724)	(165, 0.023630843131169598)	(170, 0.031071888045427213)	(175, 0.05153476155963564)	(180, 0.07520244154681642)	(185, 0.06439082430753618)	(190, 0.06599322754402234)	(195, 0.08437481869359932)	(200, 0.07919924042402905)	(205, 0.0778731136076267)	(210, 0.07859143229984464)	(215, 0.08463267668567756)	(220, 0.07221865620991114)	(225, 0.09286571400417547)	(230, 0.06890333916890527)	(235, 0.05216098811182564)	(240, 0.025233246367655768)	(245, 0.011695701783548475)	(250, 0.02173374504659402)
ERR346601_1	(1, 0.02616427622389534)	(2, 0.03924641433584301)	(3, 0.026777501447892888)	(4, 0.046741389295813035)	(5, 0.03992777569584029)	(6, 0.05110210199979559)	(7, 0.06282151739174872)	(8, 0.05593976765577624)	(9, 0.03856505297584574)	(10, 0.044683677988621266)	(15, 0.041835587503832664)	(20, 0.04522876707661909)	(25, 0.03555343576465778)	(30, 0.015276121691138895)	(35, 0.03555343576465778)	(40, 0.047817940244608725)	(45, 0.02037270466391851)	(50, 0.0034613157087861547)	(55, 0.01426770687834293)	(60, 0.006186761148775253)	(65, 0.012169113889551324)	(70, 0.024924198548700302)	(75, 0.024338227779102647)	(80, 0.02551016931829796)	(85, 0.027608762307089568)	(90, 0.0160256191871359)	(95, 0.009089360542363641)	(100, 0.024433618369502266)	(105, 0.056975436922972106)	(110, 0.05111572922699553)	(115, 0.04288488399822846)	(120, 0.069498858719722)	(125, 0.09991482983000034)	(130, 0.1646714134841413)	(135, 0.2572684223077709)	(140, 0.24035703335263855)	(145, 0.23478349742786087)	(150, 0.28085715259087657)	(155, 0.256001090178176)	(160, 0.2190440500119238)	(165, 0.2007018022007972)	(170, 0.22798351105508805)	(175, 0.22832419173508672)	(180, 0.2928763669812285)	(185, 0.2530303546485879)	(190, 0.25741832180697033)	(195, 0.2505910809797976)	(200, 0.23081797431267673)	(205, 0.24970531121180117)	(210, 0.27768200865328924)	(215, 0.25743194903417027)	(220, 0.2264027526998944)	(225, 0.2518447858821926)	(230, 0.24519469900861923)	(235, 0.19243007529043027)	(240, 0.16513473920893945)	(245, 0.2915817803972337)	(250, 0.3246005519027016)
ERR346601_2	(1, 0.12693762136749226)	(2, 0.09416413995162334)	(3, 0.08367117500766533)	(4, 0.07426838823970293)	(5, 0.07324634619970702)	(6, 0.053555002895785776)	(7, 0.06370728715974516)	(8, 0.058256396279766975)	(9, 0.04633257247981467)	(10, 0.04203999591183184)	(15, 0.04172656968623309)	(20, 0.0413995162334344)	(25, 0.06744114741253024)	(30, 0.037025176302251904)	(35, 0.029393929070282425)	(40, 0.026464075222294145)	(45, 0.02273021496950908)	(50, 0.018274111675126905)	(55, 0.01759275031512963)	(60, 0.021353865022314584)	(65, 0.021094947705515617)	(70, 0.01794705822232821)	(75, 0.015916601369536335)	(80, 0.020508976935917966)	(85, 0.02124484720471502)	(90, 0.023370694647906518)	(95, 0.025973495043096106)	(100, 0.023656866419105374)	(105, 0.021680918475113276)	(110, 0.025973495043096106)	(115, 0.02640956631349436)	(120, 0.03395905018226416)	(125, 0.03518550063025926)	(130, 0.027894934078288417)	(135, 0.02886246720948455)	(140, 0.028685313255885258)	(145, 0.03158791264947365)	(150, 0.03593499812625626)	(155, 0.04303478349742786)	(160, 0.023765884236704938)	(165, 0.024856062412700577)	(170, 0.03361836950226552)	(175, 0.05504037066057984)	(180, 0.0792014444860832)	(185, 0.06941709535652234)	(190, 0.06943072258372228)	(195, 0.08904030252444384)	(200, 0.0821994344700712)	(205, 0.08083671175007666)	(210, 0.08113651074847546)	(215, 0.08733689912445065)	(220, 0.07529043027969884)	(225, 0.09510441862841958)	(230, 0.07219704970531121)	(235, 0.056144176063775426)	(240, 0.027636016761489458)	(245, 0.014036044015943857)	(250, 0.024460872823902156)
