Sample	0	1	2	3	4	5	6	7	8	9	10	11	12	13	14	15	16	17	18	19	20	21	22	23	24	25	26	27	28	29	30	31	32	33	34	35	36
ERR346596_1	(2.0, 1057.0)	(3.0, 1855.0)	(4.0, 2801.0)	(5.0, 2248.0)	(6.0, 1603.0)	(7.0, 982.0)	(8.0, 1000.0)	(9.0, 1167.0)	(10.0, 1659.0)	(11.0, 2390.0)	(12.0, 3314.0)	(13.0, 4952.0)	(14.0, 8799.0)	(15.0, 14831.0)	(16.0, 47596.0)	(17.0, 41556.0)	(18.0, 71994.0)	(19.0, 31204.0)	(20.0, 10874.0)	(21.0, 9156.0)	(22.0, 8580.0)	(23.0, 8444.0)	(24.0, 8917.0)	(25.0, 9774.0)	(26.0, 11291.0)	(27.0, 13082.0)	(28.0, 15073.0)	(29.0, 18055.0)	(30.0, 21959.0)	(31.0, 27849.0)	(32.0, 36770.0)	(33.0, 52310.0)	(34.0, 78619.0)	(35.0, 132554.0)	(36.0, 248586.0)	(37.0, 429793.0)	(38.0, 70567.0)
ERR346596_2	(2.0, 332.0)	(3.0, 85.0)	(4.0, 192.0)	(5.0, 187.0)	(6.0, 99.0)	(7.0, 79.0)	(8.0, 143.0)	(9.0, 274.0)	(10.0, 408.0)	(11.0, 858.0)	(12.0, 1312.0)	(13.0, 1821.0)	(14.0, 2706.0)	(15.0, 3956.0)	(16.0, 6147.0)	(17.0, 20745.0)	(18.0, 29629.0)	(19.0, 52214.0)	(20.0, 43400.0)	(21.0, 20990.0)	(22.0, 15259.0)	(23.0, 13503.0)	(24.0, 12114.0)	(25.0, 12303.0)	(26.0, 12602.0)	(27.0, 11589.0)	(28.0, 9752.0)	(29.0, 8620.0)	(30.0, 9213.0)	(31.0, 11176.0)	(32.0, 15195.0)	(33.0, 21212.0)	(34.0, 32124.0)	(35.0, 53636.0)	(36.0, 113017.0)	(37.0, 387182.0)	(38.0, 529187.0)
ERR346597_1	(2.0, 1150.0)	(3.0, 1953.0)	(4.0, 3003.0)	(5.0, 2376.0)	(6.0, 1623.0)	(7.0, 1030.0)	(8.0, 1121.0)	(9.0, 1297.0)	(10.0, 1769.0)	(11.0, 2658.0)	(12.0, 3960.0)	(13.0, 6139.0)	(14.0, 10422.0)	(15.0, 16423.0)	(16.0, 47422.0)	(17.0, 42374.0)	(18.0, 62199.0)	(19.0, 38893.0)	(20.0, 35609.0)	(21.0, 37607.0)	(22.0, 9800.0)	(23.0, 10028.0)	(24.0, 10946.0)	(25.0, 12132.0)	(26.0, 14057.0)	(27.0, 16354.0)	(28.0, 18984.0)	(29.0, 23129.0)	(30.0, 28523.0)	(31.0, 36354.0)	(32.0, 48055.0)	(33.0, 66976.0)	(34.0, 100590.0)	(35.0, 163422.0)	(36.0, 278706.0)	(37.0, 369811.0)	(38.0, 43030.0)
ERR346597_2	(2.0, 354.0)	(3.0, 98.0)	(4.0, 184.0)	(5.0, 193.0)	(6.0, 120.0)	(7.0, 101.0)	(8.0, 135.0)	(9.0, 308.0)	(10.0, 437.0)	(11.0, 1000.0)	(12.0, 1326.0)	(13.0, 1957.0)	(14.0, 2700.0)	(15.0, 3926.0)	(16.0, 6154.0)	(17.0, 19751.0)	(18.0, 30786.0)	(19.0, 47811.0)	(20.0, 44935.0)	(21.0, 35899.0)	(22.0, 46838.0)	(23.0, 15245.0)	(24.0, 13928.0)	(25.0, 13834.0)	(26.0, 13589.0)	(27.0, 12636.0)	(28.0, 10720.0)	(29.0, 9318.0)	(30.0, 9750.0)	(31.0, 12152.0)	(32.0, 16240.0)	(33.0, 22943.0)	(34.0, 34615.0)	(35.0, 58044.0)	(36.0, 123148.0)	(37.0, 418350.0)	(38.0, 540400.0)
ERR346598_1	(2.0, 3066.0)	(3.0, 3396.0)	(4.0, 6275.0)	(5.0, 4853.0)	(6.0, 3046.0)	(7.0, 2014.0)	(8.0, 1917.0)	(9.0, 2247.0)	(10.0, 3140.0)	(11.0, 4306.0)	(12.0, 5447.0)	(13.0, 7181.0)	(14.0, 10351.0)	(15.0, 15113.0)	(16.0, 29691.0)	(17.0, 23415.0)	(18.0, 32936.0)	(19.0, 19922.0)	(20.0, 14609.0)	(21.0, 14508.0)	(22.0, 15867.0)	(23.0, 17568.0)	(24.0, 20570.0)	(25.0, 24441.0)	(26.0, 29319.0)	(27.0, 34891.0)	(28.0, 41252.0)	(29.0, 50518.0)	(30.0, 62879.0)	(31.0, 78949.0)	(32.0, 103892.0)	(33.0, 145284.0)	(34.0, 215326.0)	(35.0, 346799.0)	(36.0, 584006.0)	(37.0, 737539.0)	(38.0, 63231.0)
ERR346598_2	(2.0, 543.0)	(3.0, 172.0)	(4.0, 320.0)	(5.0, 375.0)	(6.0, 193.0)	(7.0, 167.0)	(8.0, 240.0)	(9.0, 551.0)	(10.0, 800.0)	(11.0, 1870.0)	(12.0, 2264.0)	(13.0, 2645.0)	(14.0, 3355.0)	(15.0, 3843.0)	(16.0, 5416.0)	(17.0, 17567.0)	(18.0, 12491.0)	(19.0, 25606.0)	(20.0, 15921.0)	(21.0, 10960.0)	(22.0, 10118.0)	(23.0, 10071.0)	(24.0, 10590.0)	(25.0, 11868.0)	(26.0, 13832.0)	(27.0, 13988.0)	(28.0, 14574.0)	(29.0, 15776.0)	(30.0, 18477.0)	(31.0, 23876.0)	(32.0, 32457.0)	(33.0, 46320.0)	(34.0, 69953.0)	(35.0, 116669.0)	(36.0, 244584.0)	(37.0, 832281.0)	(38.0, 1189031.0)
ERR346599_1	(2.0, 290.0)	(3.0, 80.0)	(4.0, 177.0)	(5.0, 181.0)	(6.0, 109.0)	(7.0, 83.0)	(8.0, 132.0)	(9.0, 299.0)	(10.0, 394.0)	(11.0, 1030.0)	(12.0, 1304.0)	(13.0, 1544.0)	(14.0, 1979.0)	(15.0, 2508.0)	(16.0, 3913.0)	(17.0, 15426.0)	(18.0, 10297.0)	(19.0, 22676.0)	(20.0, 14332.0)	(21.0, 9544.0)	(22.0, 8199.0)	(23.0, 6996.0)	(24.0, 7117.0)	(25.0, 7678.0)	(26.0, 8350.0)	(27.0, 8256.0)	(28.0, 7993.0)	(29.0, 8255.0)	(30.0, 9699.0)	(31.0, 12221.0)	(32.0, 16778.0)	(33.0, 23522.0)	(34.0, 35419.0)	(35.0, 59081.0)	(36.0, 124294.0)	(37.0, 426197.0)	(38.0, 610606.0)
ERR346599_2	(2.0, 1522.0)	(3.0, 1938.0)	(4.0, 3441.0)	(5.0, 2561.0)	(6.0, 1658.0)	(7.0, 950.0)	(8.0, 932.0)	(9.0, 1123.0)	(10.0, 1502.0)	(11.0, 2146.0)	(12.0, 2748.0)	(13.0, 3778.0)	(14.0, 5691.0)	(15.0, 8945.0)	(16.0, 23671.0)	(17.0, 18048.0)	(18.0, 27398.0)	(19.0, 16459.0)	(20.0, 8722.0)	(21.0, 8037.0)	(22.0, 7572.0)	(23.0, 8356.0)	(24.0, 9433.0)	(25.0, 11043.0)	(26.0, 12979.0)	(27.0, 15359.0)	(28.0, 18350.0)	(29.0, 22086.0)	(30.0, 27040.0)	(31.0, 34480.0)	(32.0, 45309.0)	(33.0, 63594.0)	(34.0, 95479.0)	(35.0, 157332.0)	(36.0, 285364.0)	(37.0, 448194.0)	(38.0, 63719.0)
ERR346600_1	(2.0, 358.0)	(3.0, 1262.0)	(4.0, 2310.0)	(5.0, 1555.0)	(6.0, 1014.0)	(7.0, 573.0)	(8.0, 623.0)	(9.0, 660.0)	(10.0, 796.0)	(11.0, 1030.0)	(12.0, 1301.0)	(13.0, 1636.0)	(14.0, 2101.0)	(15.0, 2149.0)	(16.0, 2465.0)	(17.0, 2807.0)	(18.0, 3365.0)	(19.0, 3510.0)	(20.0, 3966.0)	(21.0, 3903.0)	(22.0, 4151.0)	(23.0, 4893.0)	(24.0, 5936.0)	(25.0, 7287.0)	(26.0, 8927.0)	(27.0, 10638.0)	(28.0, 12630.0)	(29.0, 15387.0)	(30.0, 19382.0)	(31.0, 24865.0)	(32.0, 32880.0)	(33.0, 46431.0)	(34.0, 70695.0)	(35.0, 120479.0)	(36.0, 226188.0)	(37.0, 375155.0)	(38.0, 62561.0)
ERR346600_2	(2.0, 194.0)	(3.0, 76.0)	(4.0, 139.0)	(5.0, 153.0)	(6.0, 84.0)	(7.0, 42.0)	(8.0, 78.0)	(9.0, 208.0)	(10.0, 307.0)	(11.0, 647.0)	(12.0, 813.0)	(13.0, 949.0)	(14.0, 1286.0)	(15.0, 1468.0)	(16.0, 1361.0)	(17.0, 1558.0)	(18.0, 1882.0)	(19.0, 2292.0)	(20.0, 2135.0)	(21.0, 2240.0)	(22.0, 2091.0)	(23.0, 2392.0)	(24.0, 2683.0)	(25.0, 3271.0)	(26.0, 4010.0)	(27.0, 4438.0)	(28.0, 5019.0)	(29.0, 5698.0)	(30.0, 7005.0)	(31.0, 9008.0)	(32.0, 12460.0)	(33.0, 17748.0)	(34.0, 26905.0)	(35.0, 46370.0)	(36.0, 98946.0)	(37.0, 346371.0)	(38.0, 473542.0)
ERR346601_1	(2.0, 1095.0)	(3.0, 2034.0)	(4.0, 3134.0)	(5.0, 2234.0)	(6.0, 1230.0)	(7.0, 710.0)	(8.0, 778.0)	(9.0, 930.0)	(10.0, 1225.0)	(11.0, 1818.0)	(12.0, 2487.0)	(13.0, 3316.0)	(14.0, 4879.0)	(15.0, 7993.0)	(16.0, 18854.0)	(17.0, 14477.0)	(18.0, 18144.0)	(19.0, 11215.0)	(20.0, 8324.0)	(21.0, 7641.0)	(22.0, 7895.0)	(23.0, 8498.0)	(24.0, 9969.0)	(25.0, 11768.0)	(26.0, 14321.0)	(27.0, 16768.0)	(28.0, 20414.0)	(29.0, 25130.0)	(30.0, 30724.0)	(31.0, 39135.0)	(32.0, 51507.0)	(33.0, 72596.0)	(34.0, 108457.0)	(35.0, 174759.0)	(36.0, 299077.0)	(37.0, 408620.0)	(38.0, 55494.0)
ERR346601_2	(2.0, 294.0)	(3.0, 94.0)	(4.0, 195.0)	(5.0, 210.0)	(6.0, 101.0)	(7.0, 67.0)	(8.0, 125.0)	(9.0, 299.0)	(10.0, 383.0)	(11.0, 953.0)	(12.0, 1153.0)	(13.0, 1330.0)	(14.0, 1651.0)	(15.0, 1994.0)	(16.0, 2863.0)	(17.0, 10834.0)	(18.0, 8127.0)	(19.0, 14443.0)	(20.0, 9464.0)	(21.0, 7418.0)	(22.0, 6652.0)	(23.0, 6088.0)	(24.0, 6226.0)	(25.0, 6870.0)	(26.0, 7601.0)	(27.0, 7411.0)	(28.0, 7282.0)	(29.0, 7777.0)	(30.0, 9227.0)	(31.0, 11876.0)	(32.0, 15886.0)	(33.0, 22850.0)	(34.0, 34988.0)	(35.0, 58125.0)	(36.0, 122217.0)	(37.0, 430758.0)	(38.0, 643818.0)
