Sample	0	1	2	3	4	5	6	7	8	9	10	11	12	13	14	15	16	17	18	19	20	21	22	23	24	25	26	27	28	29	30	31	32	33	34	35	36	37	38	39	40	41	42	43	44	45	46	47	48	49	50	51	52	53	54	55	56	57
ERR346596_1	(1, 31.341259415892946)	(2, 31.58410430060395)	(3, 31.837810276337148)	(4, 31.815296770504403)	(5, 32.60874405905064)	(6, 35.07537531111067)	(7, 34.54066062462283)	(8, 34.74512699370588)	(9, 34.68758536835434)	(10, 35.13421484509665)	(15, 36.97082409835535)	(20, 37.52218259486768)	(25, 36.82898832350142)	(30, 37.66909247547412)	(35, 36.795180906939635)	(40, 36.59203969555365)	(45, 36.74049575403179)	(50, 37.11633450563939)	(55, 36.961559692305784)	(60, 37.39799733151857)	(65, 37.03030618725749)	(70, 36.7142957803175)	(75, 36.88519598337807)	(80, 36.608479825716095)	(85, 36.343231119530486)	(90, 36.274298973136965)	(95, 36.18364684664351)	(100, 36.114789291118385)	(105, 35.22432680709109)	(110, 34.70659379147999)	(115, 33.65532234058439)	(120, 32.052681796318765)	(125, 31.780054924751987)	(130, 31.548486610457452)	(135, 31.33666781121904)	(140, 31.144016250350074)	(145, 31.041888690331604)	(150, 30.7814980240989)	(155, 30.56625781604268)	(160, 30.321278146182966)	(165, 30.199730261804312)	(170, 30.093695901837314)	(175, 29.61637531042256)	(180, 29.442310087451595)	(185, 29.177266162100274)	(190, 28.840438709908266)	(195, 28.568668532355854)	(200, 28.229532066160175)	(205, 27.77379438380305)	(210, 27.42679656303995)	(215, 26.915696905098258)	(220, 26.56761916820172)	(225, 26.19516508046387)	(230, 25.47730504018205)	(235, 24.84001249603478)	(240, 24.12937786123759)	(245, 23.010241518901285)	(250, 18.02064632574603)
ERR346596_2	(1, 32.538916959857865)	(2, 32.6667604786752)	(3, 32.747410134862214)	(4, 32.53065416329207)	(5, 32.69557980293973)	(6, 35.186342990006615)	(7, 35.15615295531911)	(8, 34.575860771052135)	(9, 35.65619458583145)	(10, 36.527355100013004)	(15, 37.174016229706844)	(20, 37.63884340115093)	(25, 37.533545041117875)	(30, 37.3509902213023)	(35, 37.70321972446794)	(40, 37.65418366005831)	(45, 37.69716038619354)	(50, 37.27657702229675)	(55, 37.62923466603728)	(60, 37.750811450936894)	(65, 37.92281083714487)	(70, 37.47716659292446)	(75, 37.76175910590045)	(80, 37.5604044971963)	(85, 37.439785833377485)	(90, 37.130363781867125)	(95, 37.19182445548322)	(100, 37.105421118436404)	(105, 36.99559033098666)	(110, 36.54751830538355)	(115, 35.85177542093265)	(120, 35.49628401230061)	(125, 34.57160909155341)	(130, 33.76311743038587)	(135, 33.7759458211567)	(140, 33.71516334643261)	(145, 33.44317022200417)	(150, 32.73584043059024)	(155, 32.97897363240327)	(160, 32.80004858039953)	(165, 32.07488317652506)	(170, 31.851861709630963)	(175, 32.07813806329351)	(180, 32.22677536932457)	(185, 31.655042556017122)	(190, 31.446837835736318)	(195, 31.606420319543428)	(200, 31.076164295333047)	(205, 30.360719925739424)	(210, 30.935245630344447)	(215, 30.81772441426557)	(220, 30.23615592794412)	(225, 30.147243337569783)	(230, 29.86520246535206)	(235, 29.820509323514493)	(240, 29.555578660681043)	(245, 29.1727846546491)	(250, 25.80914371196915)
ERR346597_1	(1, 31.10113476758444)	(2, 31.560205105339428)	(3, 31.553378027612784)	(4, 31.541700399700623)	(5, 32.483539659537875)	(6, 35.1503218306607)	(7, 34.591791964584296)	(8, 34.8872538497062)	(9, 34.800520407025815)	(10, 35.176576970237434)	(15, 36.85802264439384)	(20, 37.46595716355877)	(25, 36.67309470197621)	(30, 37.51575215376531)	(35, 36.40231399589153)	(40, 36.30619844897049)	(45, 36.40344691625396)	(50, 36.911762154243036)	(55, 36.76786661783207)	(60, 37.236685319362394)	(65, 36.93567998471265)	(70, 36.505993725814925)	(75, 36.57312393904168)	(80, 36.29681252289122)	(85, 36.018272592639775)	(90, 35.97095147857382)	(95, 35.90004426963071)	(100, 35.81889491536221)	(105, 35.05483089956527)	(110, 34.48178326990143)	(115, 33.56218749303311)	(120, 32.58761864420275)	(125, 32.50808350717391)	(130, 32.07223937449241)	(135, 30.97339630874086)	(140, 30.141538990716118)	(145, 30.01871618070927)	(150, 29.755109702692806)	(155, 29.5039030526936)	(160, 29.230096724365808)	(165, 29.093354268516016)	(170, 28.955166520693666)	(175, 28.445075529085784)	(180, 28.242823192190713)	(185, 27.928180900361486)	(190, 27.571399907638902)	(195, 27.284644935267615)	(200, 26.925746898737202)	(205, 26.45022545663009)	(210, 26.07871305954106)	(215, 25.53541487650684)	(220, 25.1586887271685)	(225, 24.747666799369398)	(230, 23.980294090482026)	(235, 23.30144242559358)	(240, 22.493698361386688)	(245, 21.22730818351195)	(250, 16.397439686609232)
ERR346597_2	(1, 32.57374715352644)	(2, 32.70145261716324)	(3, 32.77445737853719)	(4, 32.557184578881156)	(5, 32.71720114018186)	(6, 35.16777871554373)	(7, 35.15628772075099)	(8, 34.578546745863655)	(9, 35.646453174514704)	(10, 36.538943070528845)	(15, 37.19744981448159)	(20, 37.56356552064589)	(25, 37.58483685526379)	(30, 37.36255413475166)	(35, 37.715053012086564)	(40, 37.68123483605904)	(45, 37.34743889039285)	(50, 36.99021953278023)	(55, 37.44341290189023)	(60, 37.6755066643311)	(65, 37.87069942831664)	(70, 37.41282774654841)	(75, 37.50799993630269)	(80, 37.40491628580983)	(85, 37.3172510788732)	(90, 37.23394913769766)	(95, 37.22873156360972)	(100, 37.141410576938384)	(105, 37.108501871108494)	(110, 36.41586954790834)	(115, 35.84964122489928)	(120, 35.68609570520885)	(125, 35.06070124368999)	(130, 34.432722200105104)	(135, 34.28295695654251)	(140, 33.94193429622434)	(145, 32.83147679029253)	(150, 31.98232603468319)	(155, 32.28629762568276)	(160, 32.118720448429066)	(165, 31.388860359571318)	(170, 31.173401022341835)	(175, 31.402835167285065)	(180, 31.55238651527939)	(185, 30.976370463557174)	(190, 30.75791951844833)	(195, 30.90900329633581)	(200, 30.375286462729115)	(205, 29.673185534340814)	(210, 30.246857907224864)	(215, 30.126498017421216)	(220, 29.51686252527987)	(225, 29.462463111295126)	(230, 29.191408761565043)	(235, 29.130768794687647)	(240, 28.88631698966511)	(245, 28.508006433428353)	(250, 25.19110371514563)
ERR346598_1	(1, 30.934084692081775)	(2, 31.199273391554105)	(3, 30.905389450327437)	(4, 31.28822446797642)	(5, 32.31610381312946)	(6, 34.247153715207475)	(7, 33.87707121899557)	(8, 34.05004129846994)	(9, 34.263548632186044)	(10, 34.724189175771755)	(15, 36.23884085123773)	(20, 37.22135555392473)	(25, 36.509393099558096)	(30, 37.34963392575772)	(35, 36.782528876552114)	(40, 36.002615905522916)	(45, 36.835985716773074)	(50, 37.13209056596172)	(55, 36.71790792311865)	(60, 37.41784906920156)	(65, 37.120868893906106)	(70, 36.693486641312)	(75, 36.85162747628935)	(80, 36.515959844073095)	(85, 36.23322123748635)	(90, 36.111679336807015)	(95, 36.117756903104)	(100, 36.22643620105879)	(105, 35.956669343152875)	(110, 35.80177504277342)	(115, 35.456139873744675)	(120, 35.143701119951196)	(125, 35.009554624061614)	(130, 34.81689121810341)	(135, 34.643999202810015)	(140, 34.39062021092438)	(145, 34.2696559132358)	(150, 34.01241558635913)	(155, 33.8058530868088)	(160, 33.436217247219545)	(165, 33.18940219385531)	(170, 33.103309777376786)	(175, 32.66243091140111)	(180, 32.44909891631089)	(185, 32.14853591887656)	(190, 31.79176591969678)	(195, 31.41150255921006)	(200, 30.98071749975897)	(205, 30.404907610861926)	(210, 29.853636711605738)	(215, 29.422084392775787)	(220, 28.746201548045086)	(225, 28.37015365333172)	(230, 27.390519914640237)	(235, 26.66911493205898)	(240, 25.89046660076179)	(245, 24.4150122096696)	(250, 18.926046779510777)
ERR346598_2	(1, 32.64365931784137)	(2, 32.76018036063493)	(3, 32.82358358479353)	(4, 32.60933050431619)	(5, 32.771575932345336)	(6, 35.127304332310224)	(7, 35.137869977451324)	(8, 34.54313207883835)	(9, 35.63799336922127)	(10, 36.56186496407609)	(15, 37.246635541722256)	(20, 37.68963696198671)	(25, 37.864270779821595)	(30, 37.43338779838864)	(35, 38.03592319347973)	(40, 37.93535717420615)	(45, 37.97375993069916)	(50, 37.490171611690776)	(55, 37.969871830846074)	(60, 37.97281459864938)	(65, 38.33235123557252)	(70, 37.75479803321433)	(75, 38.09450917416011)	(80, 38.026089552926074)	(85, 37.783247210914304)	(90, 37.766307427537015)	(95, 37.70986695273412)	(100, 37.55351152112193)	(105, 37.5827193243743)	(110, 37.63797977094458)	(115, 37.11107324218891)	(120, 37.04147913276091)	(125, 36.932147477267854)	(130, 36.74267513357249)	(135, 36.68892913211337)	(140, 36.92321096323285)	(145, 36.73844060143235)	(150, 36.18503923354645)	(155, 36.42605307500925)	(160, 36.28188551258308)	(165, 35.66177884165706)	(170, 35.490832099415634)	(175, 35.59192866732572)	(180, 35.892671032504914)	(185, 35.41053312439473)	(190, 35.235354368212555)	(195, 35.40632945818422)	(200, 34.946433006542996)	(205, 34.07943918980172)	(210, 34.70654695866268)	(215, 34.620923934549836)	(220, 34.04938966041722)	(225, 33.97866430387616)	(230, 33.77633216344985)	(235, 33.660793794005535)	(240, 33.3437409075015)	(245, 33.00904184671792)	(250, 28.936220844647245)
ERR346599_1	(1, 32.617929335448366)	(2, 32.74700792592022)	(3, 32.81792606337328)	(4, 32.59739501922003)	(5, 32.753344844675276)	(6, 35.16213063896128)	(7, 35.15477460515256)	(8, 34.56170826860192)	(9, 35.64901132206149)	(10, 36.55831430871619)	(15, 37.22788148816702)	(20, 37.66830306777489)	(25, 37.7996406170861)	(30, 37.40380705936567)	(35, 37.9654911964138)	(40, 37.88928961204778)	(45, 37.91582191458657)	(50, 37.44936320646998)	(55, 37.894338151236674)	(60, 37.93324080632111)	(65, 38.2518570730334)	(70, 37.6862753492088)	(75, 38.00451614530468)	(80, 37.9044192782484)	(85, 37.69378026243405)	(90, 37.59695669749461)	(95, 37.59631755216063)	(100, 37.44048879348366)	(105, 37.45138016808922)	(110, 37.31668260667135)	(115, 36.78826920179773)	(120, 36.63126304143469)	(125, 36.35140573117586)	(130, 36.07185476894719)	(135, 36.006069426616556)	(140, 36.11222290466195)	(145, 35.94453232844272)	(150, 35.37695341178587)	(155, 35.63101818114889)	(160, 35.481039892730465)	(165, 34.831127932000825)	(170, 34.65960275645058)	(175, 34.77213037310518)	(180, 35.05132072539178)	(185, 34.54976764858459)	(190, 34.36645495886388)	(195, 34.532336895577856)	(200, 34.071988106007055)	(205, 33.246547449519724)	(210, 33.84480070676822)	(215, 33.755214835588454)	(220, 33.16412483239136)	(225, 33.135196825541826)	(230, 32.927268314929044)	(235, 32.775549418899914)	(240, 32.47846613300031)	(245, 32.155138487169715)	(250, 28.19080117440228)
ERR346599_2	(1, 31.21000927769624)	(2, 31.67779740265406)	(3, 31.803245353142113)	(4, 31.820797309263586)	(5, 32.646367758062766)	(6, 34.977357240386404)	(7, 34.44889052795613)	(8, 34.61182418867875)	(9, 34.57261382219953)	(10, 35.136852904546075)	(15, 36.71485474372495)	(20, 37.492162084966246)	(25, 36.828573804721195)	(30, 37.59738983843448)	(35, 37.1527885919102)	(40, 36.49013612514051)	(45, 37.05179408558794)	(50, 37.24895855985068)	(55, 36.92696632966566)	(60, 37.49833035551778)	(65, 37.20828475778805)	(70, 36.834977528342655)	(75, 36.997814799186614)	(80, 36.64417151399596)	(85, 36.380136459164845)	(90, 36.27460890181662)	(95, 36.274218025179984)	(100, 36.33877306727727)	(105, 35.88723065879824)	(110, 35.66945647424366)	(115, 35.22936523788327)	(120, 34.667055589147346)	(125, 34.470771030410525)	(130, 34.26500863350646)	(135, 34.06318622401854)	(140, 33.81595572882405)	(145, 33.706757584908644)	(150, 33.46823040044064)	(155, 33.28407078861781)	(160, 32.961585565786095)	(165, 32.74374607606621)	(170, 32.670358476276434)	(175, 32.26807374984577)	(180, 32.065774980759514)	(185, 31.799667748042037)	(190, 31.459364303978504)	(195, 31.10201021296437)	(200, 30.715628044137567)	(205, 30.18001457436779)	(210, 29.677991000430143)	(215, 29.286278484947434)	(220, 28.665897001893036)	(225, 28.32868675947999)	(230, 27.425579719678602)	(235, 26.775028477278504)	(240, 26.075459777676134)	(245, 24.748564070297807)	(250, 19.43869153807298)
ERR346600_1	(1, 31.168175903354825)	(2, 31.438225973851356)	(3, 31.778100304917075)	(4, 31.648733871212826)	(5, 32.497967986930284)	(6, 35.29100011143149)	(7, 34.80580438340168)	(8, 34.997974893840784)	(9, 34.96239325369819)	(10, 35.50822226253812)	(15, 36.91423753694046)	(20, 37.52289475065593)	(25, 37.00888818080266)	(30, 37.96840005562365)	(35, 37.42039380440919)	(40, 36.62252334305519)	(45, 37.28907372804638)	(50, 37.500210062171405)	(55, 37.071436241388234)	(60, 37.852569693029274)	(65, 37.52436251518369)	(70, 37.14072342059677)	(75, 37.32925408129341)	(80, 36.942663065250045)	(85, 36.7099705397244)	(90, 36.639521157708714)	(95, 36.668517841470745)	(100, 36.809965106288146)	(105, 36.79833681595109)	(110, 36.75222720236051)	(115, 36.62447606479235)	(120, 36.538495527545216)	(125, 36.53219532006163)	(130, 36.39308185425683)	(135, 36.260800151767846)	(140, 36.107435243109435)	(145, 36.04200064648683)	(150, 35.826351429131876)	(155, 35.56306073752911)	(160, 35.31577142362477)	(165, 35.219038944845096)	(170, 35.083983979651315)	(175, 34.534006588271694)	(180, 34.37978135484114)	(185, 34.02582429372236)	(190, 33.674440655364506)	(195, 33.32775482125377)	(200, 32.948890519943006)	(205, 32.40553400087856)	(210, 32.029040887989254)	(215, 31.399754482354684)	(220, 30.985083099342553)	(225, 30.559162293057447)	(230, 29.73861929938142)	(235, 28.99548472237443)	(240, 28.185051419646385)	(245, 26.87795176029521)	(250, 20.938523891924348)
ERR346600_2	(1, 32.74535326084454)	(2, 32.861381989908544)	(3, 32.92761741978084)	(4, 32.70836629464512)	(5, 32.85605169684373)	(6, 35.163946111363344)	(7, 35.14282201628373)	(8, 34.559867718850064)	(9, 35.603822376364)	(10, 36.56976670298167)	(15, 37.294658379601955)	(20, 37.72632628797765)	(25, 37.95928440723513)	(30, 37.60016226635072)	(35, 38.181280614880805)	(40, 38.03037382962401)	(45, 38.071278763828786)	(50, 37.582539514434984)	(55, 38.112517992501864)	(60, 38.06457132490199)	(65, 38.436042285027014)	(70, 37.90348375356512)	(75, 38.25107927383506)	(80, 38.20445007639042)	(85, 37.92804435894201)	(90, 37.96188858877084)	(95, 37.910583689192705)	(100, 37.72324249057667)	(105, 37.75714602774368)	(110, 37.97195904846717)	(115, 37.474095125655126)	(120, 37.50417407624677)	(125, 37.635477391840084)	(130, 37.506485220592914)	(135, 37.51349251152764)	(140, 37.76358418925303)	(145, 37.54940439408436)	(150, 36.9827785856305)	(155, 37.19519905255606)	(160, 37.06448457410609)	(165, 36.52079523404757)	(170, 36.35495368225817)	(175, 36.53418322099627)	(180, 36.80476595243072)	(185, 36.29948271844946)	(190, 36.16032468004888)	(195, 36.29434526632586)	(200, 35.81577446266539)	(205, 34.95911145819615)	(210, 35.66671946616028)	(215, 35.568681120835016)	(220, 34.91941385194715)	(225, 34.81283524992425)	(230, 34.504938072640435)	(235, 34.625196962064486)	(240, 34.35418066083478)	(245, 34.02844505184326)	(250, 30.232353073897496)
ERR346601_1	(1, 31.238431506149286)	(2, 31.468995332674684)	(3, 31.535396722651857)	(4, 31.85471604265322)	(5, 32.58528055053998)	(6, 35.4357605696181)	(7, 35.130409838858036)	(8, 35.50015603175144)	(9, 35.451289476373795)	(10, 35.74960228937417)	(15, 36.96525193336286)	(20, 37.600728239021564)	(25, 36.91155016523013)	(30, 37.79071195448506)	(35, 37.18969618096958)	(40, 36.62697223452459)	(45, 36.993300582563954)	(50, 37.23401492181378)	(55, 36.951516233434404)	(60, 37.61606895376963)	(65, 37.30288393009232)	(70, 36.836198003611216)	(75, 36.95233850032365)	(80, 36.57233100534869)	(85, 36.31170687834293)	(90, 36.21219132626989)	(95, 36.233530065070006)	(100, 36.35633659251184)	(105, 35.964009130242225)	(110, 35.74240724968487)	(115, 35.37354410111403)	(120, 35.0942615746261)	(125, 34.98370101863523)	(130, 34.793623411576334)	(135, 34.608616495758525)	(140, 34.354762784042514)	(145, 34.22652430756652)	(150, 33.95525690730078)	(155, 33.75081415868907)	(160, 33.400299935270674)	(165, 33.17034061254386)	(170, 33.08638067659183)	(175, 32.66649173849351)	(180, 32.41771035328586)	(185, 32.10730569277416)	(190, 31.722424283718873)	(195, 31.356341634585903)	(200, 30.964208905392972)	(205, 30.371535447824755)	(210, 29.855450959016117)	(215, 29.457165673014686)	(220, 28.818092051919734)	(225, 28.432181514666297)	(230, 27.480716655878446)	(235, 26.768910026232412)	(240, 25.957499403808804)	(245, 24.493566994855723)	(250, 19.148707457500088)
ERR346601_2	(1, 32.68944571253364)	(2, 32.80980615269308)	(3, 32.87766020508977)	(4, 32.661432221578714)	(5, 32.81413347869042)	(6, 35.151335127584915)	(7, 35.15551391680578)	(8, 34.57314005382755)	(9, 35.64150376452152)	(10, 36.578127891527274)	(15, 37.265865294859125)	(20, 37.71470773004463)	(25, 37.89982993220454)	(30, 37.47172840936191)	(35, 38.077310666712094)	(40, 37.96534582495827)	(45, 38.0118618199162)	(50, 37.522819064490854)	(55, 37.98278131707151)	(60, 37.978363642557824)	(65, 38.34908309201785)	(70, 37.77900303205806)	(75, 38.139207576738315)	(80, 38.05621612782339)	(85, 37.79840384287807)	(90, 37.788363710693964)	(95, 37.74692126869485)	(100, 37.5791473443941)	(105, 37.59009382345927)	(110, 37.553462882839916)	(115, 37.0244268047559)	(120, 36.89587067761387)	(125, 36.82165298265935)	(130, 36.57109910400981)	(135, 36.567229789118656)	(140, 36.79044785882193)	(145, 36.583525908765715)	(150, 36.02971566790446)	(155, 36.27567403672538)	(160, 36.11400838074473)	(165, 35.516356897080364)	(170, 35.344092392600416)	(175, 35.4443440874868)	(180, 35.751136170067795)	(185, 35.24846060027936)	(190, 35.07632896126461)	(195, 35.231538036997925)	(200, 34.771566926719586)	(205, 33.92341811739857)	(210, 34.54551003304603)	(215, 34.4640408816816)	(220, 33.86985984396826)	(225, 33.82859428337819)	(230, 33.63876305658706)	(235, 33.52994228869281)	(240, 33.22389656934555)	(245, 32.88903621435629)	(250, 28.894404660511704)
