Sample	0	1	2	3	4	5	6	7	8	9	10	11	12	13	14	15	16	17	18	19	20	21	22	23	24	25	26	27	28	29	30	31	32	33	34	35	36	37	38	39	40	41	42	43	44	45	46	47	48	49	50	51	52	53	54	55	56	57	58	59	60	61	62	63	64	65	66	67	68	69	70	71	72	73	74	75	76	77	78	79	80	81	82	83	84	85	86	87	88	89	90	91	92	93	94	95	96	97	98	99	100
ERR346596_1	(0.0, 6.881035384814649e-05)	(1.0, 9.174713846419531e-05)	(2.0, 0.0004587356923209766)	(3.0, 0.0008715978154098552)	(4.0, 0.0010092185231061481)	(5.0, 0.0010092185231061481)	(6.0, 0.0008257242461777577)	(7.0, 0.0010092185231061481)	(8.0, 0.0008715978154098552)	(9.0, 0.0011468392308024412)	(10.0, 0.0010550920923382457)	(11.0, 0.0013762070769629297)	(12.0, 0.001513827784659223)	(13.0, 0.0013762070769629297)	(14.0, 0.0027065405846937616)	(15.0, 0.0022478048923727867)	(16.0, 0.0015597013538913205)	(17.0, 0.0022478048923727867)	(18.0, 0.0022478048923727867)	(19.0, 0.0027065405846937616)	(20.0, 0.0022478048923727867)	(21.0, 0.003119402707782639)	(22.0, 0.0033946441231752244)	(23.0, 0.0034863912616394186)	(24.0, 0.0036240119693357114)	(25.0, 0.003991000523192492)	(26.0, 0.0036698855385678087)	(27.0, 0.004541483353977663)	(28.0, 0.005780069723244308)	(29.0, 0.00688103538481466)	(30.0, 0.008715978154098579)	(31.0, 0.013073967231147794)	(32.0, 0.017661324154357498)	(33.0, 0.02027611760058714)	(34.0, 0.023074405323745176)	(35.0, 0.030322429262416812)	(36.0, 0.03812093603187339)	(37.0, 0.055690513047765795)	(38.0, 0.08651755157173639)	(39.0, 0.15720872175840137)	(40.0, 0.2762965074848998)	(41.0, 0.4723601423829706)	(42.0, 0.7551706966987201)	(43.0, 1.0874788322157332)	(44.0, 1.4572198002270038)	(45.0, 1.8608613359009656)	(46.0, 2.416848994994116)	(47.0, 3.2117920762142442)	(48.0, 4.215001161747338)	(49.0, 5.540563818284462)	(50.0, 7.440968170876398)	(51.0, 9.887130376607626)	(52.0, 12.722346322956163)	(53.0, 15.103597428190469)	(54.0, 14.469854069258261)	(55.0, 10.14200392725745)	(56.0, 5.009026771588279)	(57.0, 1.9010924561175881)	(58.0, 0.6636529260807684)	(59.0, 0.2471667910225244)	(60.0, 0.13890516763479788)	(61.0, 0.09647211609510273)	(62.0, 0.06458998547879223)	(63.0, 0.04766263843214916)	(64.0, 0.05454367381696342)	(65.0, 0.058305306493995214)	(66.0, 0.04339639649356432)	(67.0, 0.025413957354582222)	(68.0, 0.014358427169646512)	(69.0, 0.010046311661829394)	(70.0, 0.007293897507903542)	(71.0, 0.006330552554029484)	(72.0, 0.004220368369352979)	(73.0, 0.004036874092424589)	(74.0, 0.0025230463077653715)	(75.0, 0.0017431956308197117)	(76.0, 0.0019725634769802002)	(77.0, 0.0018349427692839072)	(78.0, 0.0012844599384987344)	(79.0, 0.0011009656615703434)	(80.0, 0.0011927128000345387)	(81.0, 0.001513827784659223)	(82.0, 0.0011009656615703434)	(83.0, 0.0010092185231061481)	(84.0, 0.0011927128000345387)	(85.0, 0.0012844599384987344)	(86.0, 0.0008715978154098552)	(87.0, 0.0008257242461777577)	(88.0, 0.0003211149846246836)	(89.0, 0.0002752414153925859)	(90.0, 0.0006881035384814647)	(91.0, 0.0005504828307851719)	(92.0, 0.00036698855385678124)	(93.0, 0.0003211149846246836)	(94.0, 0.00018349427692839062)	(95.0, 0.00022936784616048826)	(96.0, 0.0003211149846246836)	(97.0, 0.00036698855385678124)	(98.0, 0.0005963564000172696)	(99.0, 0.0010092185231061481)	(100.0, 0.0015138277846592227)
ERR346596_2	(0.0, 0.0)	(1.0, 0.0)	(2.0, 4.587246445690694e-05)	(3.0, 4.587246445690694e-05)	(4.0, 0.0)	(5.0, 0.00018348985782762776)	(6.0, 0.0020183884361039063)	(7.0, 0.003945031943293992)	(8.0, 0.0037156696210094583)	(9.0, 0.0019725159716469996)	(10.0, 0.001100939146965766)	(11.0, 0.0010091942180519523)	(12.0, 0.0009174492891381384)	(13.0, 0.000688086966853604)	(14.0, 0.0008257043602243246)	(15.0, 0.0005963420379397902)	(16.0, 0.0005045971090259764)	(17.0, 0.0002752347867414416)	(18.0, 0.000642214502396697)	(19.0, 0.0005963420379397902)	(20.0, 0.0004128521801121625)	(21.0, 0.0004128521801121625)	(22.0, 0.001055066682508859)	(23.0, 0.0008715768246812315)	(24.0, 0.0009633217535950454)	(25.0, 0.0015137913270779292)	(26.0, 0.0018348985782762784)	(27.0, 0.0018807710427331855)	(28.0, 0.0021101333650177206)	(29.0, 0.0026606029385006025)	(30.0, 0.002935837725242043)	(31.0, 0.004495501516776874)	(32.0, 0.005871675450484092)	(33.0, 0.007477211706475846)	(34.0, 0.011651605972054346)	(35.0, 0.021697675688116997)	(36.0, 0.044588035452113414)	(37.0, 0.08720355493258039)	(38.0, 0.1620674169262538)	(39.0, 0.29862974361444616)	(40.0, 0.5330839094538041)	(41.0, 0.8518057925001454)	(42.0, 1.2146569863541874)	(43.0, 1.5976461921056)	(44.0, 1.9126065330672959)	(45.0, 2.2647235702390995)	(46.0, 3.0547391531130765)	(47.0, 4.94945542503907)	(48.0, 7.725748718920192)	(49.0, 10.349516068451944)	(50.0, 12.372675240829926)	(51.0, 13.69797661143514)	(52.0, 13.97963354319645)	(53.0, 11.168890028569292)	(54.0, 7.16803129604906)	(55.0, 4.032418988079577)	(56.0, 1.4034680500591599)	(57.0, 0.30344635238242357)	(58.0, 0.1555535269733745)	(59.0, 0.12931447730402573)	(60.0, 0.11202055820376987)	(61.0, 0.09101096948250409)	(62.0, 0.04541373981233769)	(63.0, 0.037615420854663954)	(64.0, 0.04633118910147578)	(65.0, 0.0413310904756732)	(66.0, 0.028073948247627243)	(67.0, 0.01123875379194219)	(68.0, 0.0051377160191735756)	(69.0, 0.00472486383906141)	(70.0, 0.004082649336664712)	(71.0, 0.00440375658786306)	(72.0, 0.003578052227638738)	(73.0, 0.003990904407750899)	(74.0, 0.003165200047526577)	(75.0, 0.002568858009586789)	(76.0, 0.0027982203318713227)	(77.0, 0.002385368151759162)	(78.0, 0.0016514087204486502)	(79.0, 0.0014220463981641153)	(80.0, 0.0008715768246812315)	(81.0, 0.0003669797156552555)	(82.0, 0.0003211072511983485)	(83.0, 0.0002752347867414416)	(84.0, 0.00013761739337072082)	(85.0, 0.00013761739337072082)	(86.0, 0.0)	(87.0, 0.0)	(88.0, 0.0)	(89.0, 0.0)	(90.0, 0.0)	(91.0, 4.587246445690694e-05)	(92.0, 4.587246445690694e-05)	(93.0, 0.0)	(94.0, 0.0)	(95.0, 0.0)	(96.0, 0.0)	(97.0, 0.0)	(98.0, 0.0)	(99.0, 4.587246445690694e-05)	(100.0, 0.0)
ERR346597_1	(0.0, 6.36906570265317e-05)	(1.0, 0.0002972230661238146)	(2.0, 0.0005944461322476292)	(3.0, 0.0006369065702653169)	(4.0, 0.0006793670082830047)	(5.0, 0.0007642878843183801)	(6.0, 0.0009341296363891311)	(7.0, 0.0009341296363891311)	(8.0, 0.0009765900744068189)	(9.0, 0.0010190505124245066)	(10.0, 0.0009765900744068189)	(11.0, 0.0015285757686367613)	(12.0, 0.0018257988347605764)	(13.0, 0.0017833383967428883)	(14.0, 0.0018257988347605764)	(15.0, 0.0018682592727782643)	(16.0, 0.0016984175207075127)	(17.0, 0.0015285757686367613)	(18.0, 0.001910719710795952)	(19.0, 0.0023353240909728293)	(20.0, 0.0030146910992558313)	(21.0, 0.0025476262810612675)	(22.0, 0.002844849347185081)	(23.0, 0.003609137231503459)	(24.0, 0.0036515976695211463)	(25.0, 0.00322699328934427)	(26.0, 0.0034817559174503956)	(27.0, 0.004670648181945656)	(28.0, 0.004925410810051784)	(29.0, 0.0064539865786885555)	(30.0, 0.010190505124245065)	(31.0, 0.01554052031447365)	(32.0, 0.01893735535588874)	(33.0, 0.02352308266179915)	(34.0, 0.028023889091674185)	(35.0, 0.033458825157938306)	(36.0, 0.03999773261266185)	(37.0, 0.05889262753053185)	(38.0, 0.09863559751509107)	(39.0, 0.17812153748419537)	(40.0, 0.32108583228975873)	(41.0, 0.5490134635687733)	(42.0, 0.8648766619820656)	(43.0, 1.2820080050681018)	(44.0, 1.7513656869164764)	(45.0, 2.258937762979901)	(46.0, 2.9034872120860573)	(47.0, 3.7507003318498997)	(48.0, 4.74053806292082)	(49.0, 6.056896562354754)	(50.0, 7.920697489154721)	(51.0, 10.313215790111888)	(52.0, 13.116453907998842)	(53.0, 15.009594997427925)	(54.0, 13.259715425868437)	(55.0, 8.526225795725484)	(56.0, 4.081382223130449)	(57.0, 1.5265801280504283)	(58.0, 0.5267217336095075)	(59.0, 0.2027485915344487)	(60.0, 0.11400627607749579)	(61.0, 0.07392362258879395)	(62.0, 0.048404899340163565)	(63.0, 0.03910606341429046)	(64.0, 0.03965804910852037)	(65.0, 0.04169615013336927)	(66.0, 0.030868738438859348)	(67.0, 0.01893735535588874)	(68.0, 0.010912332570545746)	(69.0, 0.007727799719219199)	(70.0, 0.006071842636529363)	(71.0, 0.0045008064298749035)	(72.0, 0.003524216355468083)	(73.0, 0.0033968350414150202)	(74.0, 0.002250403214937454)	(75.0, 0.0021654823389020785)	(76.0, 0.0016984175207075127)	(77.0, 0.0015285757686367613)	(78.0, 0.0014011944545836974)	(79.0, 0.001571036206654449)	(80.0, 0.0009341296363891311)	(81.0, 0.0014011944545836974)	(82.0, 0.001231352702512946)	(83.0, 0.0010190505124245066)	(84.0, 0.0011039713884598823)	(85.0, 0.0011039713884598823)	(86.0, 0.0006369065702653169)	(87.0, 0.0007218274463006923)	(88.0, 0.00033968350414150233)	(89.0, 0.000424604380176878)	(90.0, 0.0005944461322476292)	(91.0, 0.0005519856942299414)	(92.0, 0.000424604380176878)	(93.0, 0.0005095252562122536)	(94.0, 0.0006369065702653169)	(95.0, 0.0009765900744068189)	(96.0, 0.0007218274463006923)	(97.0, 0.00025476262810612675)	(98.0, 0.00033968350414150233)	(99.0, 0.0008916691983714435)	(100.0, 0.001655957082689824)
ERR346597_2	(0.0, 0.0)	(1.0, 0.0)	(2.0, 0.0)	(3.0, 0.0)	(4.0, 8.491678367501328e-05)	(5.0, 0.0009340846204251458)	(6.0, 0.0021653779837128395)	(7.0, 0.004288297575588166)	(8.0, 0.0038637136572130994)	(9.0, 0.002292753159225359)	(10.0, 0.0011888349714501859)	(11.0, 0.0005519590938875863)	(12.0, 0.0007642510530751192)	(13.0, 0.00029720874286254646)	(14.0, 0.0005095007020500797)	(15.0, 0.00046704231021257316)	(16.0, 0.0003821255265375598)	(17.0, 0.0005095007020500797)	(18.0, 0.0007642510530751192)	(19.0, 0.0005944174857250929)	(20.0, 0.0006368758775625996)	(21.0, 0.0006793342694001061)	(22.0, 0.0006368758775625996)	(23.0, 0.0005944174857250929)	(24.0, 0.0007217926612376128)	(25.0, 0.001316210146962706)	(26.0, 0.0016558772816627596)	(27.0, 0.0018257108490127866)	(28.0, 0.0025050451184128915)	(29.0, 0.0030994626041379826)	(30.0, 0.0036089633061880608)	(31.0, 0.005264840587850826)	(32.0, 0.006411217167463513)	(33.0, 0.010020180473651562)	(34.0, 0.02118673752691586)	(35.0, 0.043010350931394006)	(36.0, 0.08300615604232602)	(37.0, 0.16244580717029905)	(38.0, 0.2878678966582836)	(39.0, 0.48228487288231486)	(40.0, 0.7738041912384243)	(41.0, 1.1321105599550585)	(42.0, 1.5497737604613713)	(43.0, 1.9476938087632074)	(44.0, 2.267023373772693)	(45.0, 2.566312577834188)	(46.0, 3.258214531215679)	(47.0, 4.9172337338764915)	(48.0, 7.426057649181176)	(49.0, 9.867033054295867)	(50.0, 11.836592934825463)	(51.0, 13.28034809084703)	(52.0, 13.640904754325888)	(53.0, 10.957024889532475)	(54.0, 7.077304418625359)	(55.0, 4.007265480010246)	(56.0, 1.396838633062394)	(57.0, 0.30587025479739455)	(58.0, 0.1573932585416369)	(59.0, 0.12380867059817455)	(60.0, 0.09374812917721642)	(61.0, 0.07077813919312272)	(62.0, 0.036853884114955895)	(63.0, 0.03447621417205566)	(64.0, 0.04165168239259387)	(65.0, 0.03044266694749257)	(66.0, 0.019743152204440593)	(67.0, 0.009595596555276502)	(68.0, 0.004712881493963236)	(69.0, 0.003141920995975489)	(70.0, 0.0027597954694379306)	(71.0, 0.002972087428625463)	(72.0, 0.0030570042123004757)	(73.0, 0.003651421698025567)	(74.0, 0.003226837779650502)	(75.0, 0.002717337077600424)	(76.0, 0.0028447122531129435)	(77.0, 0.002292753159225359)	(78.0, 0.0007642510530751192)	(79.0, 0.0011039181877751723)	(80.0, 0.0008491678367501326)	(81.0, 0.000806709444912626)	(82.0, 0.0003396671347000531)	(83.0, 8.491678367501328e-05)	(84.0, 8.491678367501328e-05)	(85.0, 4.245839183750664e-05)	(86.0, 4.245839183750664e-05)	(87.0, 0.0)	(88.0, 0.0)	(89.0, 0.0)	(90.0, 0.0)	(91.0, 0.0)	(92.0, 0.0)	(93.0, 0.0)	(94.0, 4.245839183750664e-05)	(95.0, 4.245839183750664e-05)	(96.0, 4.245839183750664e-05)	(97.0, 4.245839183750664e-05)	(98.0, 0.0)	(99.0, 0.0)	(100.0, 0.0)
ERR346598_1	(0.0, 3.598094305325317e-05)	(1.0, 0.00028784754442602535)	(2.0, 0.00047974590737670877)	(3.0, 0.0005277204981143796)	(4.0, 0.000551707793483215)	(5.0, 0.0005277204981143796)	(6.0, 0.0006716442703273924)	(7.0, 0.0009115172240157473)	(8.0, 0.001199364768441773)	(9.0, 0.001391263131392456)	(10.0, 0.0012233520638106083)	(11.0, 0.001391263131392456)	(12.0, 0.0015831614943431385)	(13.0, 0.0018230344480314922)	(14.0, 0.00167911067581848)	(15.0, 0.0021588565831951873)	(16.0, 0.001799047152662657)	(17.0, 0.0019429709248756693)	(18.0, 0.0019669582202445045)	(19.0, 0.0023027803554081998)	(20.0, 0.0026146151952030623)	(21.0, 0.0029024627396290895)	(22.0, 0.002758538967416076)	(23.0, 0.002878475444260254)	(24.0, 0.0030223992164732675)	(25.0, 0.002878475444260254)	(26.0, 0.003526132419218816)	(27.0, 0.004749484483029429)	(28.0, 0.004605560710816419)	(29.0, 0.005613027116307493)	(30.0, 0.006572518931060896)	(31.0, 0.008683400923518386)	(32.0, 0.011897698502942405)	(33.0, 0.015040034196259938)	(34.0, 0.018038446117364455)	(35.0, 0.02158856583195193)	(36.0, 0.027105643766783774)	(37.0, 0.032934556541410455)	(38.0, 0.042265614439887834)	(39.0, 0.056705966251928405)	(40.0, 0.07469643777855668)	(41.0, 0.10400891271926695)	(42.0, 0.15819621295746128)	(43.0, 0.23579511347567922)	(44.0, 0.3458728119232454)	(45.0, 0.4847592521086764)	(46.0, 0.7370336375028917)	(47.0, 1.2700073533035194)	(48.0, 2.209445789125173)	(49.0, 3.640479856247949)	(50.0, 5.48795735825688)	(51.0, 7.620355954629214)	(52.0, 10.185725232435622)	(53.0, 12.957721072634293)	(54.0, 14.933770477881097)	(55.0, 14.713615080979519)	(56.0, 11.50233990067858)	(57.0, 6.758324520971919)	(58.0, 3.278079797812946)	(59.0, 1.295961606892505)	(60.0, 0.49382644975808787)	(61.0, 0.28302609805693774)	(62.0, 0.1962400634124516)	(63.0, 0.13536030776632774)	(64.0, 0.10595188364414217)	(65.0, 0.10592789634877335)	(66.0, 0.1145393353861833)	(67.0, 0.09635696549661017)	(68.0, 0.04970167600422767)	(69.0, 0.02657792326866942)	(70.0, 0.019741544088551704)	(71.0, 0.015016046900891101)	(72.0, 0.010482448076181074)	(73.0, 0.007100239429175269)	(74.0, 0.006212709500528371)	(75.0, 0.004605560710816419)	(76.0, 0.0033822086470058016)	(77.0, 0.002662589785940734)	(78.0, 0.0025186660137277196)	(79.0, 0.0027105643766784046)	(80.0, 0.002350754946145871)	(81.0, 0.0021828438785640226)	(82.0, 0.0023987295368835416)	(83.0, 0.0018470217434003277)	(84.0, 0.0015831614943431385)	(85.0, 0.0015111996082366327)	(86.0, 0.001343288540654785)	(87.0, 0.0010314537008599249)	(88.0, 0.0008155680425404054)	(89.0, 0.000647656974958557)	(90.0, 0.0007196188610650634)	(91.0, 0.000551707793483215)	(92.0, 0.00047974590737670877)	(93.0, 0.000551707793483215)	(94.0, 0.0006236696795897215)	(95.0, 0.00038379672590136706)	(96.0, 0.0005037332027455442)	(97.0, 0.0005756950888520505)	(98.0, 0.000647656974958557)	(99.0, 0.0006716442703273924)	(100.0, 0.0016551233804496458)
ERR346598_2	(0.0, 0.0)	(1.0, 0.0)	(2.0, 0.0)	(3.0, 0.0)	(4.0, 9.595681175789574e-05)	(5.0, 0.0005037732617289524)	(6.0, 0.0016312657998842268)	(7.0, 0.003694337252678992)	(8.0, 0.004198110514407949)	(9.0, 0.0021110498586737036)	(10.0, 0.0011754709440342235)	(11.0, 0.0009115897117000099)	(12.0, 0.0004797840587894785)	(13.0, 0.0005037732617289524)	(14.0, 0.000359838044092109)	(15.0, 0.0005517516676079002)	(16.0, 0.0005757408705473742)	(17.0, 0.0005757408705473742)	(18.0, 0.000743665291123692)	(19.0, 0.0006237192764263222)	(20.0, 0.0005037732617289524)	(21.0, 0.0005037732617289524)	(22.0, 0.0008876005087605358)	(23.0, 0.0010075465234579057)	(24.0, 0.0010075465234579057)	(25.0, 0.0010555249293368537)	(26.0, 0.0012714277557921189)	(27.0, 0.0015353089881263312)	(28.0, 0.00208706065573423)	(29.0, 0.0027827475409789764)	(30.0, 0.00268679072922108)	(31.0, 0.0031425855850710878)	(32.0, 0.004725872979076375)	(33.0, 0.005661451893715846)	(34.0, 0.008444199434694783)	(35.0, 0.01197061226679752)	(36.0, 0.017799988581089853)	(37.0, 0.02653205845105792)	(38.0, 0.04260482442050552)	(39.0, 0.07304712295070141)	(40.0, 0.11946623063857312)	(41.0, 0.18150230944006188)	(42.0, 0.26939874901033434)	(43.0, 0.3855304804402567)	(44.0, 0.5325603052561587)	(45.0, 0.8549032251543007)	(46.0, 1.9777898363428807)	(47.0, 4.6818527916959045)	(48.0, 8.13243575325744)	(49.0, 10.77182381749016)	(50.0, 12.877260202737306)	(51.0, 15.03269008691177)	(52.0, 16.280584434656582)	(53.0, 12.589077907817018)	(54.0, 7.19798433116971)	(55.0, 4.073582561958179)	(56.0, 1.8085220204025685)	(57.0, 0.5617311760305325)	(58.0, 0.28350440033875146)	(59.0, 0.23806884997136715)	(60.0, 0.21575889123764624)	(61.0, 0.19085809858646097)	(62.0, 0.10312958343679508)	(63.0, 0.06661801656292166)	(64.0, 0.08772851514965632)	(65.0, 0.09214252849051853)	(66.0, 0.06364335539842655)	(67.0, 0.022190012719013382)	(68.0, 0.009235843131697412)	(69.0, 0.00676495522893163)	(70.0, 0.006525063199536895)	(71.0, 0.007580588128873734)	(72.0, 0.007844469361207944)	(73.0, 0.007268728490660577)	(74.0, 0.006621020011294789)	(75.0, 0.006501073996597421)	(76.0, 0.005181667834926374)	(77.0, 0.004845818993773744)	(78.0, 0.003766304861497415)	(79.0, 0.0028067367439184505)	(80.0, 0.0016792442057631742)	(81.0, 0.0012474385528526452)	(82.0, 0.0006237192764263222)	(83.0, 0.00023989202939473934)	(84.0, 0.00028787043527368723)	(85.0, 0.00021590282645526544)	(86.0, 7.196760881842181e-05)	(87.0, 4.797840587894787e-05)	(88.0, 2.3989202939473935e-05)	(89.0, 4.797840587894787e-05)	(90.0, 7.196760881842181e-05)	(91.0, 4.797840587894787e-05)	(92.0, 0.0)	(93.0, 0.0)	(94.0, 2.3989202939473935e-05)	(95.0, 2.3989202939473935e-05)	(96.0, 0.0)	(97.0, 0.0)	(98.0, 2.3989202939473935e-05)	(99.0, 4.797840587894787e-05)	(100.0, 0.0)
ERR346599_1	(0.0, 0.0)	(1.0, 0.0)	(2.0, 0.0)	(3.0, 0.0)	(4.0, 0.0001363535957808854)	(5.0, 0.0007272191774980553)	(6.0, 0.0019089503409323964)	(7.0, 0.0033633886959285038)	(8.0, 0.004681473455143728)	(9.0, 0.0021362063339005395)	(10.0, 0.0007272191774980553)	(11.0, 0.0006363167803107984)	(12.0, 0.0004999631845299132)	(13.0, 0.0006363167803107984)	(14.0, 0.0008181215746853122)	(15.0, 0.0006363167803107984)	(16.0, 0.0006363167803107984)	(17.0, 0.0005454143831235416)	(18.0, 0.0005454143831235416)	(19.0, 0.0006817679789044269)	(20.0, 0.0007726703760916837)	(21.0, 0.0009544751704661973)	(22.0, 0.0008635727732789405)	(23.0, 0.0007726703760916837)	(24.0, 0.0010453775676534543)	(25.0, 0.0015453407521833682)	(26.0, 0.0015907919507769967)	(27.0, 0.001954401539526025)	(28.0, 0.0025907183198368225)	(29.0, 0.0029997791071794777)	(30.0, 0.0026816207170240794)	(31.0, 0.0034088398945221325)	(32.0, 0.004681473455143728)	(33.0, 0.00609046061154622)	(34.0, 0.010090166087785523)	(35.0, 0.01663513868526793)	(36.0, 0.02631624398571103)	(37.0, 0.04790556331768406)	(38.0, 0.08649363092367526)	(39.0, 0.15012530895475876)	(40.0, 0.24584553319291855)	(41.0, 0.36801835501262464)	(42.0, 0.5153711408532351)	(43.0, 0.6885856586934546)	(44.0, 0.8746628657356003)	(45.0, 1.2070929322493422)	(46.0, 2.284149985324241)	(47.0, 4.884503959257999)	(48.0, 8.168898472054675)	(49.0, 10.700530233699688)	(50.0, 12.702382824528327)	(51.0, 14.663238434226114)	(52.0, 15.754521712443253)	(53.0, 12.212918866880667)	(54.0, 6.960714711030053)	(55.0, 3.9199840739015723)	(56.0, 1.7359176278871715)	(57.0, 0.5086443634613751)	(58.0, 0.23516450152341828)	(59.0, 0.19489473956947262)	(60.0, 0.1740326394150019)	(61.0, 0.1512615889195992)	(62.0, 0.08367565661086998)	(63.0, 0.05854114378859252)	(64.0, 0.07822151277963395)	(65.0, 0.09012972681116596)	(66.0, 0.062086337278895336)	(67.0, 0.022271087310877985)	(68.0, 0.007772154959510486)	(69.0, 0.005863204618578076)	(70.0, 0.004863278249518242)	(71.0, 0.005226887838267273)	(72.0, 0.005454143831235417)	(73.0, 0.00649952139888888)	(74.0, 0.005999558214358962)	(75.0, 0.004772375852330985)	(76.0, 0.004999631845299129)	(77.0, 0.004317863866394698)	(78.0, 0.003136132702960362)	(79.0, 0.001999852738119654)	(80.0, 0.0014089871564024825)	(81.0, 0.0008181215746853122)	(82.0, 0.0007726703760916837)	(83.0, 0.0002272559929681423)	(84.0, 0.0002272559929681423)	(85.0, 9.090239718725694e-05)	(86.0, 0.0001363535957808854)	(87.0, 0.00018180479437451388)	(88.0, 9.090239718725694e-05)	(89.0, 0.0)	(90.0, 0.0)	(91.0, 0.0)	(92.0, 0.0)	(93.0, 0.0)	(94.0, 4.545119859362847e-05)	(95.0, 0.0)	(96.0, 0.0)	(97.0, 0.0)	(98.0, 0.0)	(99.0, 0.0)	(100.0, 0.0)
ERR346599_2	(0.0, 0.0)	(1.0, 0.0002727779846346695)	(2.0, 0.0005000929718302275)	(3.0, 0.0006819449615866737)	(4.0, 0.0009092599487822314)	(5.0, 0.0005910189667084506)	(6.0, 0.00022731498719555794)	(7.0, 0.0006819449615866737)	(8.0, 0.0010911119385386776)	(9.0, 0.001318426925734236)	(10.0, 0.001318426925734236)	(11.0, 0.0017275939026862412)	(12.0, 0.001591204910368906)	(13.0, 0.0022731498719555806)	(14.0, 0.002045834884760023)	(15.0, 0.0017275939026862412)	(16.0, 0.0015002789154906827)	(17.0, 0.0026823168489075832)	(18.0, 0.002136760879638246)	(19.0, 0.002136760879638246)	(20.0, 0.002182223877077358)	(21.0, 0.0025913908540293605)	(22.0, 0.0025913908540293605)	(23.0, 0.0033187988130551436)	(24.0, 0.0037734287874462576)	(25.0, 0.003682502792568035)	(26.0, 0.0036370397951289235)	(27.0, 0.004773614731106713)	(28.0, 0.005455559692693392)	(29.0, 0.0057283376773280634)	(30.0, 0.007046764603062308)	(31.0, 0.009501766464774335)	(32.0, 0.012775102280390322)	(33.0, 0.01595751210112809)	(34.0, 0.019367236909061492)	(35.0, 0.026323075517245758)	(36.0, 0.031051227250913502)	(37.0, 0.037234194902632654)	(38.0, 0.05000929718302229)	(39.0, 0.07501394577453312)	(40.0, 0.12229546311121454)	(41.0, 0.19212662717767998)	(42.0, 0.30887560460131214)	(43.0, 0.455948401316905)	(44.0, 0.6365274271450321)	(45.0, 0.854613425860252)	(46.0, 1.2677356835894937)	(47.0, 2.000008183342596)	(48.0, 3.112715045662084)	(49.0, 4.6359073118583565)	(50.0, 6.505527618557985)	(51.0, 8.756309695789898)	(52.0, 11.348155179759909)	(53.0, 13.735417175252918)	(54.0, 14.663180563979369)	(55.0, 12.975503173069228)	(56.0, 8.985715980868292)	(57.0, 4.839172373410104)	(58.0, 2.1589013593925803)	(59.0, 0.8301088702405932)	(60.0, 0.34656442947835275)	(61.0, 0.2113574750944198)	(62.0, 0.13675269629685366)	(63.0, 0.09383562671432745)	(64.0, 0.08942571596273313)	(65.0, 0.10215535524568582)	(66.0, 0.09829100046336088)	(67.0, 0.06414828938658519)	(68.0, 0.02900539236615342)	(69.0, 0.017503254014057862)	(70.0, 0.012229546311120991)	(71.0, 0.01027463742123922)	(72.0, 0.008456117523674778)	(73.0, 0.006001115661962735)	(74.0, 0.0049100037234240486)	(75.0, 0.004228058761837372)	(76.0, 0.0029096318361031405)	(77.0, 0.002318612869394692)	(78.0, 0.0024550018617120264)	(79.0, 0.002182223877077358)	(80.0, 0.002318612869394692)	(81.0, 0.002136760879638246)	(82.0, 0.0017275939026862412)	(83.0, 0.0015002789154906827)	(84.0, 0.001863982895003576)	(85.0, 0.0016821309052471294)	(86.0, 0.0008183339539040084)	(87.0, 0.0003182409820737811)	(88.0, 0.0006819449615866737)	(89.0, 0.0005000929718302275)	(90.0, 0.0004091669769520043)	(91.0, 0.0005910189667084506)	(92.0, 0.0007728709564648968)	(93.0, 0.0005910189667084506)	(94.0, 0.0003637039795128927)	(95.0, 0.0005000929718302275)	(96.0, 0.0005000929718302275)	(97.0, 0.0007274079590257853)	(98.0, 0.0010911119385386776)	(99.0, 0.0011365749359777894)	(100.0, 0.0025913908540293605)
ERR346600_1	(0.0, 0.0001841882379234297)	(1.0, 0.0004911686344624791)	(2.0, 0.000552564713770289)	(3.0, 0.0007981490310015286)	(4.0, 0.0006753568723859088)	(5.0, 0.0006753568723859088)	(6.0, 0.000613960793078099)	(7.0, 0.000613960793078099)	(8.0, 0.0008595451103093385)	(9.0, 0.001043733348232768)	(10.0, 0.0012279215861561975)	(11.0, 0.0006753568723859088)	(12.0, 0.0011665255068483875)	(13.0, 0.0011665255068483875)	(14.0, 0.0022102588550811566)	(15.0, 0.002026070617157727)	(16.0, 0.0017804862999264868)	(17.0, 0.001903278458542107)	(18.0, 0.001903278458542107)	(19.0, 0.0022102588550811566)	(20.0, 0.002701427489543637)	(21.0, 0.002455843172312397)	(22.0, 0.002517239251620207)	(23.0, 0.003683764758468593)	(24.0, 0.003192596124006116)	(25.0, 0.0033767843619295444)	(26.0, 0.004174933392931071)	(27.0, 0.00442051771016231)	(28.0, 0.004788894186009167)	(29.0, 0.007244737358321568)	(30.0, 0.010437333482327706)	(31.0, 0.014059702161488464)	(32.0, 0.016024376699338354)	(33.0, 0.019401161061267852)	(34.0, 0.027014274895436317)	(35.0, 0.031864565160753436)	(36.0, 0.03646927110883931)	(37.0, 0.04193352216723454)	(38.0, 0.048195922256631246)	(39.0, 0.06293098129050478)	(40.0, 0.08061305213115302)	(41.0, 0.0985407072890332)	(42.0, 0.11886280953992058)	(43.0, 0.17325973580664633)	(44.0, 0.260380772344414)	(45.0, 0.5264099839851956)	(46.0, 1.290668379208429)	(47.0, 2.5579448522026427)	(48.0, 4.280350461100184)	(49.0, 6.793353383247281)	(50.0, 10.065150449584275)	(51.0, 13.675669685429895)	(52.0, 17.46055378646337)	(53.0, 18.456705173218094)	(54.0, 13.51088260857013)	(55.0, 6.633355200569964)	(56.0, 2.382352065381987)	(57.0, 0.7277891241149036)	(58.0, 0.20979040299479013)	(59.0, 0.08300749922415747)	(60.0, 0.050037804635865435)	(61.0, 0.03229433771590812)	(62.0, 0.0224709650266583)	(63.0, 0.0253565807541254)	(64.0, 0.02842638471951598)	(65.0, 0.0253565807541254)	(66.0, 0.017068110047571108)	(67.0, 0.009884768768557413)	(68.0, 0.005341458899779454)	(69.0, 0.003929349075699831)	(70.0, 0.0023944470930045867)	(71.0, 0.001964674537849917)	(72.0, 0.0018418823792342967)	(73.0, 0.001719090220618677)	(74.0, 0.0012279215861561975)	(75.0, 0.0006753568723859088)	(76.0, 0.0007981490310015286)	(77.0, 0.000552564713770289)	(78.0, 0.000552564713770289)	(79.0, 0.0004911686344624791)	(80.0, 0.000613960793078099)	(81.0, 0.0006753568723859088)	(82.0, 0.0006753568723859088)	(83.0, 0.0007981490310015286)	(84.0, 0.0008595451103093385)	(85.0, 0.0007981490310015286)	(86.0, 0.0001841882379234297)	(87.0, 0.0004911686344624791)	(88.0, 0.0008595451103093385)	(89.0, 0.0006753568723859088)	(90.0, 0.000552564713770289)	(91.0, 0.000552564713770289)	(92.0, 0.00042977255515466923)	(93.0, 0.0003683764758468593)	(94.0, 0.0001841882379234297)	(95.0, 0.0003683764758468593)	(96.0, 0.0004911686344624791)	(97.0, 0.00024558431723123957)	(98.0, 0.0003683764758468593)	(99.0, 0.0007367529516937188)	(100.0, 0.0013814117844257227)
ERR346600_2	(0.0, 0.0)	(1.0, 0.0)	(2.0, 0.0)	(3.0, 0.0)	(4.0, 0.0)	(5.0, 0.00012279898175082186)	(6.0, 0.0011051908357573965)	(7.0, 0.003438371489023013)	(8.0, 0.00405236639777712)	(9.0, 0.0024559796350164384)	(10.0, 0.0007367938905049312)	(11.0, 0.00036839694525246555)	(12.0, 0.0005525954178786984)	(13.0, 0.0002455979635016437)	(14.0, 0.0004911959270032874)	(15.0, 0.00036839694525246555)	(16.0, 0.0002455979635016437)	(17.0, 0.0003069974543770547)	(18.0, 0.0006139949087541094)	(19.0, 0.000798193381380342)	(20.0, 0.00036839694525246555)	(21.0, 0.0004911959270032874)	(22.0, 0.0010437913448819857)	(23.0, 0.0007367938905049312)	(24.0, 0.0010437913448819857)	(25.0, 0.0012279898175082183)	(26.0, 0.0011051908357573965)	(27.0, 0.001412188290134451)	(28.0, 0.0020875826897639722)	(29.0, 0.0021489821806393835)	(30.0, 0.0033155725072721914)	(31.0, 0.004789160288282048)	(32.0, 0.00491195927003287)	(33.0, 0.0075521373776755475)	(34.0, 0.013569287483465822)	(35.0, 0.017867251844744525)	(36.0, 0.025664987185921695)	(37.0, 0.03512050878073525)	(38.0, 0.046049618156558704)	(39.0, 0.05943470716739762)	(40.0, 0.08258231522742622)	(41.0, 0.11045768408486395)	(42.0, 0.14477999948422254)	(43.0, 0.17707613168469238)	(44.0, 0.22515193304013215)	(45.0, 0.4565666141495574)	(46.0, 1.4809557199143883)	(47.0, 3.9729768560739362)	(48.0, 7.4974304313074045)	(49.0, 10.867771284464984)	(50.0, 13.64302827201945)	(51.0, 15.748171216143156)	(52.0, 16.326370221708487)	(53.0, 13.171541581594031)	(54.0, 8.594025338350223)	(55.0, 4.927800338673978)	(56.0, 1.6905121822724702)	(57.0, 0.3089008385941736)	(58.0, 0.08681888009782934)	(59.0, 0.050224783536086504)	(60.0, 0.03671689554349598)	(61.0, 0.03057694645595471)	(62.0, 0.017990050826495345)	(63.0, 0.009762519049190357)	(64.0, 0.009762519049190357)	(65.0, 0.008718727704308364)	(66.0, 0.007981933813803428)	(67.0, 0.0064469465419181434)	(68.0, 0.0071223409415476675)	(69.0, 0.005096157742659102)	(70.0, 0.005157557233534513)	(71.0, 0.005710152651413209)	(72.0, 0.00583295163316403)	(73.0, 0.006385547051042731)	(74.0, 0.006201348578416498)	(75.0, 0.005096157742659102)	(76.0, 0.004297964361278763)	(77.0, 0.003438371489023013)	(78.0, 0.0028857760711443158)	(79.0, 0.001719185744511506)	(80.0, 0.0017805852353869169)	(81.0, 0.0011051908357573965)	(82.0, 0.0004297964361278765)	(83.0, 0.00012279898175082186)	(84.0, 0.0001841984726262328)	(85.0, 0.0001841984726262328)	(86.0, 0.00012279898175082186)	(87.0, 0.00012279898175082186)	(88.0, 6.139949087541093e-05)	(89.0, 0.0)	(90.0, 0.0)	(91.0, 0.0)	(92.0, 0.0)	(93.0, 0.0)	(94.0, 0.0)	(95.0, 0.0)	(96.0, 0.0)	(97.0, 0.0)	(98.0, 0.0)	(99.0, 0.0)	(100.0, 0.0)
ERR346601_1	(0.0, 0.0001362996684512293)	(1.0, 0.00045433222817076445)	(2.0, 0.0005451986738049172)	(3.0, 0.0009995309019756812)	(4.0, 0.00031803255971953504)	(5.0, 0.0004997654509878408)	(6.0, 0.0005451986738049172)	(7.0, 0.0005451986738049172)	(8.0, 0.0011358305704269106)	(9.0, 0.0013629966845122932)	(10.0, 0.001544729575780599)	(11.0, 0.0017264624670489054)	(12.0, 0.001544729575780599)	(13.0, 0.0018173289126830585)	(14.0, 0.0014992963529635228)	(15.0, 0.0020444950267684407)	(16.0, 0.001953628581134288)	(17.0, 0.0023170943636708994)	(18.0, 0.002453394032122128)	(19.0, 0.002907726260292891)	(20.0, 0.002589693700573357)	(21.0, 0.0026351269233904333)	(22.0, 0.00304402592874412)	(23.0, 0.00377095749381734)	(24.0, 0.003362058488463654)	(25.0, 0.00413442327635395)	(26.0, 0.005043087732695483)	(27.0, 0.005224820623963789)	(28.0, 0.005770019297768711)	(29.0, 0.0066332505312931694)	(30.0, 0.009495543568768987)	(31.0, 0.01281216883441552)	(32.0, 0.016219660545696204)	(33.0, 0.018627621355001272)	(34.0, 0.023988741647416444)	(35.0, 0.028759230043209606)	(36.0, 0.034620115786612636)	(37.0, 0.04347959423594206)	(38.0, 0.0628795803788326)	(39.0, 0.09559150080713016)	(40.0, 0.15756241672962332)	(41.0, 0.24265884306598814)	(42.0, 0.3551969359839128)	(43.0, 0.48372752333348046)	(44.0, 0.6528754118814039)	(45.0, 0.9797674500499716)	(46.0, 1.685072801063176)	(47.0, 2.890643368512904)	(48.0, 4.453591666637465)	(49.0, 6.350655885378155)	(50.0, 8.658300138719891)	(51.0, 11.362758160095815)	(52.0, 14.19347510767257)	(53.0, 15.65315369031836)	(54.0, 13.564224971665217)	(55.0, 9.088098426569168)	(56.0, 4.935501861061562)	(57.0, 2.142903387391688)	(58.0, 0.8048949754272033)	(59.0, 0.32239414910996866)	(60.0, 0.1603792765442814)	(61.0, 0.09009408084626329)	(62.0, 0.05679152852134469)	(63.0, 0.05247537235372268)	(64.0, 0.06469690929151554)	(65.0, 0.06151658369432037)	(66.0, 0.036800910481832205)	(67.0, 0.018218722349647574)	(68.0, 0.010722240584830034)	(69.0, 0.007769081101720089)	(70.0, 0.0067241169769273225)	(71.0, 0.005542853183683328)	(72.0, 0.003952690385085645)	(73.0, 0.0028622930374758147)	(74.0, 0.0029531594831099673)	(75.0, 0.0021807946952196707)	(76.0, 0.0012266970160610636)	(77.0, 0.0011358305704269106)	(78.0, 0.0015901627985976756)	(79.0, 0.0016810292442318287)	(80.0, 0.0017264624670489054)	(81.0, 0.0010449641247927577)	(82.0, 0.0009086644563415284)	(83.0, 0.0013629966845122932)	(84.0, 0.0017264624670489054)	(85.0, 0.0012266970160610636)	(86.0, 0.0005451986738049172)	(87.0, 0.00045433222817076445)	(88.0, 0.0005906318966219937)	(89.0, 0.0004997654509878408)	(90.0, 0.00031803255971953504)	(91.0, 0.0005451986738049172)	(92.0, 0.0007269315650732228)	(93.0, 0.0005451986738049172)	(94.0, 0.0004997654509878408)	(95.0, 0.0005451986738049172)	(96.0, 0.0005451986738049172)	(97.0, 0.0006814983422561465)	(98.0, 0.0006360651194390701)	(99.0, 0.0008177980107073757)	(100.0, 0.0022489445294452837)
ERR346601_2	(0.0, 0.0)	(1.0, 4.545397727990748e-05)	(2.0, 4.545397727990748e-05)	(3.0, 0.0)	(4.0, 4.545397727990748e-05)	(5.0, 0.0007272636364785195)	(6.0, 0.0021817909094355606)	(7.0, 0.003863588068792131)	(8.0, 0.0032726863641533363)	(9.0, 0.0018636130684762076)	(10.0, 0.0007272636364785195)	(11.0, 0.000772717613758427)	(12.0, 0.000772717613758427)	(13.0, 0.000772717613758427)	(14.0, 0.0008181715910383344)	(15.0, 0.0007272636364785195)	(16.0, 0.0004999937500789823)	(17.0, 0.0004999937500789823)	(18.0, 0.0004999937500789823)	(19.0, 0.0005454477273588897)	(20.0, 0.0005909017046387972)	(21.0, 0.0007272636364785195)	(22.0, 0.0007272636364785195)	(23.0, 0.000999987500157964)	(24.0, 0.0010908954547177792)	(25.0, 0.0012727113638374094)	(26.0, 0.0013181653411173167)	(27.0, 0.0014545272729570395)	(28.0, 0.0017272511366364849)	(29.0, 0.0023636068185551896)	(30.0, 0.0021817909094355606)	(31.0, 0.003636318182392595)	(32.0, 0.004181765909751482)	(33.0, 0.00645446477374687)	(34.0, 0.010272598865259093)	(35.0, 0.01704524147996521)	(36.0, 0.033590489209851984)	(37.0, 0.05818109091828065)	(38.0, 0.09722605740172362)	(39.0, 0.16149798127551263)	(40.0, 0.2433151403793275)	(41.0, 0.3442229699407435)	(42.0, 0.45926698643624153)	(43.0, 0.5643111279301477)	(44.0, 0.6913095404500936)	(45.0, 0.9830786206095544)	(46.0, 2.0385199730505605)	(47.0, 4.652805476298009)	(48.0, 8.055353853564801)	(49.0, 10.633412536908313)	(50.0, 12.823566978131504)	(51.0, 14.97067650287125)	(52.0, 16.154570795086492)	(53.0, 12.528797935475595)	(54.0, 7.2135007403575075)	(55.0, 4.118903059168145)	(56.0, 1.7972048076710923)	(57.0, 0.48599392507683936)	(58.0, 0.18817946593881224)	(59.0, 0.1400891579766811)	(60.0, 0.11804397899592362)	(61.0, 0.0971806034244437)	(62.0, 0.04618124091638576)	(63.0, 0.03854497273336173)	(64.0, 0.0558629380770055)	(65.0, 0.05631747784980455)	(66.0, 0.039044966483440684)	(67.0, 0.012636205683814246)	(68.0, 0.00286360056863417)	(69.0, 0.00199997500031593)	(70.0, 0.00199997500031593)	(71.0, 0.0024090607958350972)	(72.0, 0.0022272448867154677)	(73.0, 0.00199997500031593)	(74.0, 0.0015908892047967623)	(75.0, 0.0015908892047967623)	(76.0, 0.0016817971593565773)	(77.0, 0.0017272511366364849)	(78.0, 0.001409073295677132)	(79.0, 0.000772717613758427)	(80.0, 0.00027272386367944485)	(81.0, 0.0003636318182392598)	(82.0, 0.00031817784095935234)	(83.0, 0.0001818159091196299)	(84.0, 0.00013636193183972243)	(85.0, 9.090795455981496e-05)	(86.0, 4.545397727990748e-05)	(87.0, 9.090795455981496e-05)	(88.0, 4.545397727990748e-05)	(89.0, 0.0)	(90.0, 0.0)	(91.0, 0.0)	(92.0, 0.0)	(93.0, 0.0)	(94.0, 0.0)	(95.0, 0.0)	(96.0, 0.0)	(97.0, 0.0)	(98.0, 0.0)	(99.0, 0.0)	(100.0, 6.818096591986121e-05)
