Sample	fastqc-percent_duplicates	fastqc-percent_gc	fastqc-avg_sequence_length	fastqc-median_sequence_length	fastqc-percent_fails	fastqc-total_sequences
ERR346596_1	51.95243170141124	49.0	251.0	251	45.45454545454545	1.453261
ERR346596_2	42.53193745888011	50.0	251.0	251	27.27272727272727	1.453261
ERR346597_1	53.38424419044618	49.0	251.0	251	45.45454545454545	1.569925
ERR346597_2	46.48171846647928	50.0	251.0	251	27.27272727272727	1.569925
ERR346598_1	72.8370663947722	51.0	251.0	251	36.36363636363637	2.7797639999999997
ERR346598_2	57.22341500170114	51.0	251.0	251	18.181818181818183	2.7797639999999997
ERR346599_1	47.69987285611018	50.0	251.0	251	9.090909090909092	1.466959
ERR346599_2	62.13536638611249	50.0	251.0	251	27.27272727272727	1.466959
ERR346600_1	77.08049059036702	49.0	251.0	251	27.27272727272727	1.085869
ERR346600_2	49.86718825559762	51.0	251.0	251	9.090909090909092	1.085869
ERR346601_1	61.9170513842663	49.0	251.0	251	27.27272727272727	1.46765
ERR346601_2	49.796854574209405	50.0	251.0	251	9.090909090909092	1.46765
