Sample	0	1	2	3	4	5	6	7	8	9	10	11	12	13	14	15	16	17	18	19	20	21	22	23	24	25	26	27	28	29	30	31	32	33	34	35	36	37	38	39	40	41	42	43	44	45	46	47	48	49	50	51	52	53	54	55	56	57	58	59	60	61	62	63	64	65	66	67	68	69
ERR3004229_1 - illumina_universal_adapter	(1, 0.0008853618695301237)	(2, 0.0008853618695301237)	(3, 0.0008853618695301237)	(4, 0.0008853618695301237)	(5, 0.0008853618695301237)	(6, 0.0009591420253243007)	(7, 0.0009591420253243007)	(8, 0.0009591420253243007)	(9, 0.0010329221811184776)	(10, 0.0012542626485010084)	(15, 0.0030397424187200914)	(20, 0.005577779778039779)	(25, 0.014283838161752663)	(30, 0.027933166983675407)	(35, 0.0436926082613116)	(40, 0.060145583003413064)	(45, 0.08497998344373303)	(50, 0.10673037337185642)	(55, 0.1108473060651715)	(60, 0.11614472125119339)	(65, 0.12064531075463818)	(70, 0.12297676367773418)	(75, 0.12501309597765348)	(80, 0.12671003956091953)	(85, 0.12817088664564424)	(90, 0.1296022216680513)	(95, 0.13131392128247618)	(100, 0.1333650096135543)	(105, 0.13610963140909765)	(110, 0.13876571701768806)	(115, 0.14251374893203222)	(120, 0.1461732446594234)	(125, 0.15005408085419716)	(130, 0.1540382092670827)	(135, 0.15780099721258573)	(140, 0.16169658943851825)	(145, 0.16613815481732772)	(150, 0.17075679257004323)	(155, 0.17550823460318815)	(160, 0.17996455601315647)	(165, 0.184848802326731)	(170, 0.1896445124533525)	(175, 0.1944844906734505)	(180, 0.1988080078029893)	(185, 0.2045333478926174)	(190, 0.20990454323443353)	(195, 0.21545281095015562)	(200, 0.22119290707094255)	(205, 0.22563447244975202)	(210, 0.23038591448289708)	(215, 0.23549150126385404)	(220, 0.24077416041871716)	(225, 0.24549609038954445)	(230, 0.2504983849523897)	(235, 0.255485923484076)	(240, 0.2601193172679504)	(245, 0.26467893089603045)	(250, 0.26925330055526947)	(255, 0.27357681768480824)	(260, 0.27837252781142974)	(265, 0.28330104221848074)	(270, 0.2866063931980599)	(275, 0.29059052161094545)	(280, 0.29455989399267213)	(285, 0.29870633874830493)	(290, 0.30364960918651474)	(295, 0.3088437321544248)	(300, 0.31511504539692986)	(305, 0.32219794035317084)	(310, 0.33146472792091947)
ERR3004229_1 - polya	(1, 0.0)	(2, 0.0)	(3, 0.0)	(4, 0.0)	(5, 0.0)	(6, 0.0)	(7, 0.0)	(8, 0.0)	(9, 0.0)	(10, 0.0)	(15, 2.951206231767079e-05)	(20, 0.00013280428042951857)	(25, 0.00014756031158835394)	(30, 0.0002951206231767079)	(35, 0.0007230455267829344)	(40, 0.0007820696514182759)	(45, 0.0008115817137359469)	(50, 0.0008263377448947823)	(55, 0.0008853618695301238)	(60, 0.001077190274594984)	(65, 0.0013280428042951856)	(70, 0.0014018229600893624)	(75, 0.001490359147042375)	(80, 0.00224291673614298)	(85, 0.0055187556534044375)	(90, 0.012321286017627555)	(95, 0.017677725328284804)	(100, 0.024052330788901694)	(105, 0.02932023391260593)	(110, 0.0412726191512626)	(115, 0.046894667022778884)	(120, 0.04881295107342748)	(125, 0.05157232890012971)	(130, 0.0534906129507783)	(135, 0.054316950695673084)	(140, 0.05524658065867971)	(145, 0.05579255381155662)	(150, 0.05648608727602189)	(155, 0.057681325799887564)	(160, 0.059038880666500405)	(165, 0.060278387283842584)	(170, 0.061739234368567285)	(175, 0.06311154526633897)	(180, 0.06464617250685786)	(185, 0.06662348068214181)	(190, 0.06852700870163157)	(195, 0.07013541609794464)	(200, 0.07190613983700488)	(205, 0.07401625229271834)	(210, 0.07593453634336694)	(215, 0.07842830560921012)	(220, 0.08030232156638221)	(225, 0.0823386538663015)	(230, 0.08469961885171517)	(235, 0.08692777955669932)	(240, 0.08883130757618908)	(245, 0.09156117334057363)	(250, 0.09328762898615736)	(255, 0.09553054572230034)	(260, 0.0979357788011905)	(265, 0.0996327223844566)	(270, 0.10054759631630439)	(275, 0.10215600371261743)	(280, 0.1042661161683309)	(285, 0.10585976753348511)	(290, 0.10792561189572207)	(295, 0.11000621228911789)	(300, 0.1117326679347016)	(305, 0.11320827105058515)	(310, 0.11471338622878638)
ERR3004229_1 - polyg	(1, 1.6951728595270101)	(2, 1.6951728595270101)	(3, 1.6951728595270101)	(4, 1.6951728595270101)	(5, 1.6952466396828043)	(6, 1.6952466396828043)	(7, 1.6952466396828043)	(8, 1.6953941999943927)	(9, 1.6953941999943927)	(10, 1.6957335887110456)	(15, 1.6962057817081289)	(20, 1.6962352937704464)	(25, 1.6962795618639226)	(30, 1.6962795618639226)	(35, 1.6962795618639226)	(40, 1.6962795618639226)	(45, 1.6962795618639226)	(50, 1.6962795618639226)	(55, 1.6962943178950816)	(60, 1.6966927307363702)	(65, 1.6967222427986879)	(70, 1.696869803110276)	(75, 1.6969288272349115)	(80, 1.6970173634218646)	(85, 1.6970173634218646)	(90, 1.697091143577659)	(95, 1.697091143577659)	(100, 1.697091143577659)	(105, 1.697091143577659)	(110, 1.6971649237334527)	(115, 1.6972387038892471)	(120, 1.6972387038892471)	(125, 1.6972387038892471)	(130, 1.6972387038892471)	(135, 1.6972387038892471)	(140, 1.6972387038892471)	(145, 1.6972387038892471)	(150, 1.6972829719827236)	(155, 1.6973567521385178)	(160, 1.6975338245124239)	(165, 1.697607604668218)	(170, 1.6980945536964598)	(175, 1.698419186381954)	(180, 1.6985667466935426)	(185, 1.6986405268493363)	(190, 1.6986405268493363)	(195, 1.6986405268493363)	(200, 1.6986847949428132)	(205, 1.6987143070051307)	(210, 1.6987143070051307)	(215, 1.6987143070051307)	(220, 1.6987143070051307)	(225, 1.6987143070051307)	(230, 1.6987143070051307)	(235, 1.6987143070051307)	(240, 1.6987143070051307)	(245, 1.6987143070051307)	(250, 1.6987143070051307)	(255, 1.6987143070051307)	(260, 1.6987143070051307)	(265, 1.6987143070051307)	(270, 1.6987143070051307)	(275, 1.6987143070051307)	(280, 1.6987143070051307)	(285, 1.6987143070051307)	(290, 1.6987143070051307)	(295, 1.6987143070051307)	(300, 1.6987585750986072)	(305, 1.6987880871609249)	(310, 1.6988028431920839)
ERR3004229_2 - illumina_universal_adapter	(1, 0.0009591420253243007)	(2, 0.0009591420253243007)	(3, 0.0009591420253243007)	(4, 0.0009591420253243007)	(5, 0.0009591420253243007)	(6, 0.0010329221811184776)	(7, 0.0010329221811184776)	(8, 0.0010329221811184776)	(9, 0.0011067023369126547)	(10, 0.0012099945550245023)	(15, 0.0020068202376016136)	(20, 0.006256557211346207)	(25, 0.022798068140400685)	(30, 0.034558624973992494)	(35, 0.05037709037626405)	(40, 0.06737603827124242)	(45, 0.09256458345937443)	(50, 0.11524460335050443)	(55, 0.11939104810613718)	(60, 0.12445236679361771)	(65, 0.12883490804779182)	(70, 0.1310335566904583)	(75, 0.1332026932708071)	(80, 0.13487012479175553)	(85, 0.13631621584532136)	(90, 0.1377918189612049)	(95, 0.13945925048215332)	(100, 0.14149558278207258)	(105, 0.1441221563283453)	(110, 0.14666019368766497)	(115, 0.15054102988243873)	(120, 0.15433332989025939)	(125, 0.1582141660850331)	(130, 0.1621392703732833)	(135, 0.16572498594488033)	(140, 0.16973862642008358)	(145, 0.17437202020395787)	(150, 0.17899065795667335)	(155, 0.18391917236372435)	(160, 0.18821317743094546)	(165, 0.19280230312134328)	(170, 0.1973176486559469)	(175, 0.20202482259561538)	(180, 0.20651065606790137)	(185, 0.21210319187709997)	(190, 0.21748914325007487)	(195, 0.22291936271652632)	(200, 0.22842336233877192)	(205, 0.23289443977989904)	(210, 0.23764588181304402)	(215, 0.24257439622009508)	(220, 0.24748815459598722)	(225, 0.2520330121929085)	(230, 0.25700579469343604)	(235, 0.2617572367265811)	(240, 0.26625782623002586)	(245, 0.27044853907913513)	(250, 0.27493437255142106)	(255, 0.2790217931824185)	(260, 0.2836846990286105)	(265, 0.28833284884364363)	(270, 0.29112173873266345)								
ERR3004229_2 - polya	(1, 0.0)	(2, 0.0)	(3, 0.0)	(4, 7.378015579417697e-05)	(5, 0.0005902412463534158)	(6, 0.0005902412463534158)	(7, 0.0007378015579417698)	(8, 0.0007378015579417698)	(9, 0.0008115817137359468)	(10, 0.000855849807212453)	(15, 0.0008853618695301238)	(20, 0.0008853618695301238)	(25, 0.0008853618695301238)	(30, 0.0008853618695301238)	(35, 0.0008853618695301238)	(40, 0.0008853618695301238)	(45, 0.0008853618695301238)	(50, 0.0008853618695301238)	(55, 0.0009296299630066299)	(60, 0.00112145836807149)	(65, 0.001224750586183338)	(70, 0.0013575548666128563)	(75, 0.001711699614424906)	(80, 0.006595945927999422)	(85, 0.012114701581403858)	(90, 0.015744685246477368)	(95, 0.02355062572950129)	(100, 0.029394014068400108)	(105, 0.05254622695661284)	(110, 0.05695828027310462)	(115, 0.05971765809980685)	(120, 0.062477035926509064)	(125, 0.06426251569672814)	(130, 0.06495604916119342)	(135, 0.06588567912420004)	(140, 0.06646116433939461)	(145, 0.06700713749227152)	(150, 0.06767115889441913)	(155, 0.06837944839004322)	(160, 0.0692500542284145)	(165, 0.07026822037837414)	(170, 0.07149297096455749)	(175, 0.07295381804928218)	(180, 0.07391296007460649)	(185, 0.07476880988181896)	(190, 0.07605258459263761)	(195, 0.07727733517882096)	(200, 0.07909232701135772)	(205, 0.08093683090621215)	(210, 0.08269279861411356)	(215, 0.08464059472707983)	(220, 0.08642607449729892)	(225, 0.08865423520228305)	(230, 0.09049873909713747)	(235, 0.09197434221302102)	(240, 0.09418774688684632)	(245, 0.09625359124908328)	(250, 0.09818663133089071)	(255, 0.09995735506995099)	(260, 0.10169856674669356)	(265, 0.10355782667270681)	(270, 0.10540233056756124)								
ERR3004230_1 - illumina_universal_adapter	(1, 0.0006066220597245416)	(2, 0.0006066220597245416)	(3, 0.0006066220597245416)	(4, 0.0006066220597245416)	(5, 0.0006066220597245416)	(6, 0.0006066220597245416)	(7, 0.0006932823539709047)	(8, 0.0006932823539709047)	(9, 0.0006932823539709047)	(10, 0.0007799426482172678)	(15, 0.0009879273544085392)	(20, 0.0015772173552838081)	(25, 0.012271097665285013)	(30, 0.031041717399047253)	(35, 0.05879034361673271)	(40, 0.1520888164023672)	(45, 0.8323547941774683)	(50, 1.2029662085514645)	(55, 1.2489481606785848)	(60, 1.2777540424860758)	(65, 1.2831963089647476)	(70, 1.2877199763244076)	(75, 1.2897478272097724)	(80, 1.291377040741604)	(85, 1.29290226192034)	(90, 1.2943408228048299)	(95, 1.2955887310419774)	(100, 1.297217944573809)	(105, 1.2997657572246522)	(110, 1.302486890463988)	(115, 1.30458406958475)	(120, 1.3084144545904393)	(125, 1.3124701563611687)	(130, 1.317045819897377)	(135, 1.3201482584313968)	(140, 1.3240306396136337)	(145, 1.3272024063830505)	(150, 1.3306861502117546)	(155, 1.3351924855125652)	(160, 1.340461431402744)	(165, 1.346181010823004)	(170, 1.3502020484760355)	(175, 1.3541364258348203)	(180, 1.3581054673113038)	(185, 1.3633224170249347)	(190, 1.3677247599726499)	(195, 1.3723350876265568)	(200, 1.3770147435158602)	(205, 1.3809317888157957)	(210, 1.3849181623511284)	(215, 1.3889911961807075)	(220, 1.392908241480643)	(225, 1.3971372638398658)	(230, 1.4010023129632536)	(235, 1.405300663557873)	(240, 1.4104136209184084)	(245, 1.4160985362209697)	(250, 1.4211075012284096)	(255, 1.4259431456473568)	(260, 1.4302934924185242)	(265, 1.4347824956604858)	(270, 1.4379889265476011)	(275, 1.4419926321417833)	(280, 1.464922945999371)	(285, 1.4754608377797287)	(290, 1.4813710698473306)	(295, 1.486033393677785)	(300, 1.4913023395679637)	(305, 1.5010429566412549)	(310, 1.509760982242439)
ERR3004230_1 - polya	(1, 0.0)	(2, 0.0)	(3, 0.0)	(4, 0.0)	(5, 0.0)	(6, 0.0)	(7, 0.0)	(8, 0.0)	(9, 0.0)	(10, 0.0)	(15, 6.932823539709048e-05)	(20, 0.00022531676504054403)	(25, 0.00038130529468399755)	(30, 0.0004333014712318155)	(35, 0.0004333014712318155)	(40, 0.0004333014712318155)	(45, 0.0004333014712318155)	(50, 0.0004852976477796333)	(55, 0.0005199617654781786)	(60, 0.0006239541185738142)	(65, 0.0006932823539709047)	(70, 0.0006932823539709047)	(75, 0.0006932823539709047)	(80, 0.000866602942463631)	(85, 0.003050442357471981)	(90, 0.008874014130827581)	(95, 0.014212288256403546)	(100, 0.026951351510618914)	(105, 0.09629691896655866)	(110, 0.42447945327753567)	(115, 0.5376058013867381)	(120, 0.5560644440612134)	(125, 0.5651464428982322)	(130, 0.5667236602535161)	(135, 0.5683528737853477)	(140, 0.5690981523158664)	(145, 0.5697567705521387)	(150, 0.5706753696711501)	(155, 0.57116066731893)	(160, 0.5716632970255586)	(165, 0.57282454496846)	(170, 0.5736391517343759)	(175, 0.5746617432064829)	(180, 0.5767935864449434)	(185, 0.5785441243887199)	(190, 0.5800346814497574)	(195, 0.5814212461576992)	(200, 0.5829637993952844)	(205, 0.5840210549850902)	(210, 0.5850436464571971)	(215, 0.5867768523421244)	(220, 0.5885100582270517)	(225, 0.5901912679354311)	(230, 0.5917164891141671)	(235, 0.5927910767628221)	(240, 0.5939696567645726)	(245, 0.5955642061787056)	(250, 0.5975227288286735)	(255, 0.5997239003025311)	(260, 0.6015437664817047)	(265, 0.6025316938361132)	(270, 0.6034329608962754)	(275, 0.6047848614865187)	(280, 0.6060674338413647)	(285, 0.6072980100196632)	(290, 0.6085805823745094)	(295, 0.6098978188470541)	(300, 0.6109897385545583)	(305, 0.6128442688514305)	(310, 0.6149414479721924)
ERR3004230_2 - illumina_universal_adapter	(1, 0.0005199617654781786)	(2, 0.0005199617654781786)	(3, 0.0005199617654781786)	(4, 0.0005199617654781786)	(5, 0.0005199617654781786)	(6, 0.0005199617654781786)	(7, 0.0006066220597245416)	(8, 0.0006066220597245416)	(9, 0.0006066220597245416)	(10, 0.0006932823539709047)	(15, 0.0009012670601621761)	(20, 0.003795720887990703)	(25, 0.02362359621155858)	(30, 0.042047574768335365)	(35, 0.06977886892717154)	(40, 0.16323333024244951)	(45, 0.8497908453798365)	(50, 1.225567213290916)	(55, 1.27217311953661)	(60, 1.3021229172281532)	(65, 1.307513187530277)	(70, 1.3119328625368414)	(75, 1.3140647057753019)	(80, 1.315728583424832)	(85, 1.3171498122504723)	(90, 1.318571041076113)	(95, 1.319853613430959)	(100, 1.3214481628450923)	(105, 1.3239439793193875)	(110, 1.3265611202056276)	(115, 1.328554306973294)	(120, 1.3323326958024355)	(125, 1.336301737278919)	(130, 1.340634751991237)	(135, 1.3437545225841059)	(140, 1.3476888999428909)	(145, 1.3508779987711574)	(150, 1.354431070835258)	(155, 1.3589374061360686)	(160, 1.3640676955554534)	(165, 1.3694752979164266)	(170, 1.3733403470398144)	(175, 1.3770667396924077)	(180, 1.380897124698097)	(185, 1.3856634408816473)	(190, 1.389788470887774)	(195, 1.394242810012037)	(200, 1.3990784544309842)	(205, 1.4032554806136588)	(210, 1.4069992053251017)	(215, 1.4106736018011474)	(220, 1.414711971513028)	(225, 1.4187330091660593)	(230, 1.4222340850536124)	(235, 1.4263417830008902)	(240, 1.4311774274198372)	(245, 1.436515701545413)	(250, 1.4412993497878124)	(255, 1.445424379793939)	(260, 1.449168104505382)	(265, 1.4530158215699205)	(270, 1.455598298338462)								
ERR3004230_2 - polya	(1, 8.666029424636309e-05)	(2, 0.00017332058849272618)	(3, 0.00017332058849272618)	(4, 0.00017332058849272618)	(5, 0.00017332058849272618)	(6, 0.00017332058849272618)	(7, 0.0002599808827390893)	(8, 0.0002599808827390893)	(9, 0.00034664117698545235)	(10, 0.00034664117698545235)	(15, 0.00034664117698545235)	(20, 0.00034664117698545235)	(25, 0.00039863735353327023)	(30, 0.0005199617654781786)	(35, 0.0005199617654781786)	(40, 0.0005199617654781786)	(45, 0.0005199617654781786)	(50, 0.0005199617654781786)	(55, 0.0005372938243274511)	(60, 0.0006066220597245416)	(65, 0.0006066220597245416)	(70, 0.0006239541185738142)	(75, 0.0008319388247650857)	(80, 0.004489003241961608)	(85, 0.012600406783421192)	(90, 0.025079489154897477)	(95, 0.04683122301073461)	(100, 0.17869352673600067)	(105, 0.6070726932546228)	(110, 0.6733331542353919)	(115, 0.6920864419103049)	(120, 0.6991232578031095)	(125, 0.7012031048650222)	(130, 0.7024683451610192)	(135, 0.7035256007508248)	(140, 0.7041322228105493)	(145, 0.7062294019313113)	(150, 0.707044008697227)	(155, 0.7074599781096097)	(160, 0.708309248993224)	(165, 0.7096091534069194)	(170, 0.7108050654675193)	(175, 0.7126249316466929)	(180, 0.7140461604723333)	(185, 0.7156060457687679)	(190, 0.7163339922404373)	(195, 0.7173565837125443)	(200, 0.7185351637142949)	(205, 0.7196964116571961)	(210, 0.7213082931301784)	(215, 0.7228855104854623)	(220, 0.7249653575473749)	(225, 0.7264385825495632)	(230, 0.7275824984336151)	(235, 0.7292117119654469)	(240, 0.7311009063800176)	(245, 0.7328341122649448)	(250, 0.7341686807963388)	(255, 0.735711234033924)	(260, 0.7371151308007151)	(265, 0.7385883558029033)	(270, 0.7408241913944594)								
ERR3004231_1 - illumina_universal_adapter	(1, 0.0008348456213912494)	(2, 0.0008348456213912494)	(3, 0.0008348456213912494)	(4, 0.0008348456213912494)	(5, 0.0008348456213912494)	(6, 0.0008348456213912494)	(7, 0.0008348456213912494)	(8, 0.0008348456213912494)	(9, 0.0008348456213912494)	(10, 0.0008348456213912494)	(15, 0.0008348456213912494)	(20, 0.0020662429129433423)	(25, 0.023563517663768012)	(30, 0.09106078615325051)	(35, 0.0946506223252329)	(40, 0.09648728269229365)	(45, 0.10112067589101507)	(50, 0.10443918723604528)	(55, 0.11936205271841387)	(60, 0.2068956161212864)	(65, 0.22916512307189793)	(70, 0.24584116435918815)	(75, 0.26293462845717397)	(80, 0.27155440949803866)	(85, 0.27320322960028637)	(90, 0.27503988996734713)	(95, 0.27727310200456873)	(100, 0.2803202885226467)	(105, 0.2822613045923814)	(110, 0.28501629514297255)	(115, 0.28848090447174624)	(120, 0.2921750963464025)	(125, 0.29630758217228925)	(130, 0.29991828948480637)	(135, 0.3039672907485539)	(140, 0.30732754437465365)	(145, 0.31200267985444463)	(150, 0.31657345963156175)	(155, 0.3230017709162744)	(160, 0.3288665614065479)	(165, 0.33400086197810414)	(170, 0.34049178668442104)	(175, 0.34871501605512484)	(180, 0.35522681190197664)	(185, 0.35925494202518937)	(190, 0.3649945056722542)	(195, 0.37073406931931907)	(200, 0.3757640141882013)	(205, 0.38056437651120106)	(210, 0.3850725428667138)	(215, 0.38995638975185254)	(220, 0.39519504602608263)	(225, 0.40001627948961715)	(230, 0.40475402839101243)	(235, 0.41011791150845117)	(240, 0.4159409597176552)	(245, 0.42053261063530706)	(250, 0.4261260762986285)	(255, 0.4320326090699716)	(260, 0.4375843324522234)	(265, 0.44278124644538386)	(270, 0.44808251614121836)	(275, 0.45363423952347015)	(280, 0.45951990115427843)	(285, 0.46565601647150406)	(290, 0.47162516266445154)	(295, 0.4772812417493772)	(300, 0.4838765221583682)	(305, 0.49155710187516755)	(310, 0.5007195325699365)
ERR3004231_1 - polya	(1, 0.0)	(2, 0.0)	(3, 0.0)	(4, 0.0)	(5, 0.0)	(6, 0.0)	(7, 0.0)	(8, 0.0)	(9, 0.0)	(10, 0.00010435570267390618)	(15, 0.00010435570267390618)	(20, 0.00010435570267390618)	(25, 0.00010435570267390618)	(30, 0.0001878402648130311)	(35, 0.0003130671080217185)	(40, 0.0004174228106956247)	(45, 0.0005217785133695309)	(50, 0.0005217785133695309)	(55, 0.0005217785133695309)	(60, 0.0005843919349738747)	(65, 0.000626134216043437)	(70, 0.000626134216043437)	(75, 0.000626134216043437)	(80, 0.000626134216043437)	(85, 0.0012940107131564366)	(90, 0.012084390369638334)	(95, 0.029219596748693726)	(100, 0.029741375262063257)	(105, 0.030764061148267536)	(110, 0.032558979234258725)	(115, 0.03358166512046301)	(120, 0.04551995750635787)	(125, 0.08112612325869466)	(130, 0.08621868154918128)	(135, 0.09496368943325462)	(140, 0.10151722756117591)	(145, 0.10437657381444096)	(150, 0.10535751741957569)	(155, 0.10623410532203648)	(160, 0.10746550261358859)	(165, 0.10861341534300153)	(170, 0.10963610122920583)	(175, 0.11141014817466224)	(180, 0.112766772309423)	(185, 0.11403991188204468)	(190, 0.11575134540589671)	(195, 0.11773410375670094)	(200, 0.11896550104825303)	(205, 0.12067693457210509)	(210, 0.12251359493916585)	(215, 0.12443373986836573)	(220, 0.12685479217040035)	(225, 0.12921323105083063)	(230, 0.13121686054216963)	(235, 0.13441014504399112)	(240, 0.13687293962709535)	(245, 0.13864698657255176)	(250, 0.14077584290709944)	(255, 0.14286295696057755)	(260, 0.14509616899779915)	(265, 0.1465780199757686)	(270, 0.14797638639159896)	(275, 0.14908255683994237)	(280, 0.15089834606646835)	(285, 0.15256803730925078)	(290, 0.15438382653577679)	(295, 0.15630397146497665)	(300, 0.15811976069150263)	(305, 0.15978945193428512)	(310, 0.16133391633385896)
ERR3004231_2 - illumina_universal_adapter	(1, 0.0009392013240651555)	(2, 0.0009392013240651555)	(3, 0.0009392013240651555)	(4, 0.0009392013240651555)	(5, 0.0009392013240651555)	(6, 0.0009392013240651555)	(7, 0.0009392013240651555)	(8, 0.0009392013240651555)	(9, 0.0009392013240651555)	(10, 0.0009392013240651555)	(15, 0.0009392013240651555)	(20, 0.0022540831777563735)	(25, 0.023292192836815856)	(30, 0.08905715666191152)	(35, 0.09283483309870692)	(40, 0.09454626662255898)	(45, 0.0989918195564674)	(50, 0.10224771747989325)	(55, 0.11710796954065752)	(60, 0.2068956161212864)	(65, 0.22931122105564145)	(70, 0.24607074690507078)	(75, 0.26341466468947394)	(80, 0.27209705915194293)	(85, 0.2737250081136559)	(90, 0.27541557049697313)	(95, 0.2774818134099165)	(100, 0.28052899992799457)	(105, 0.2825743717004031)	(110, 0.2853084911104595)	(115, 0.28877310043923315)	(120, 0.2925925191570981)	(125, 0.29662064928031084)	(130, 0.30031484115496715)	(135, 0.3043847135592495)	(140, 0.30774496718534927)	(145, 0.31262881407048815)	(150, 0.3175126609556269)	(155, 0.3238574876782004)	(160, 0.3294926956225913)	(165, 0.3345643827725432)	(170, 0.34120140546260364)	(175, 0.34961247509812043)	(180, 0.35612427094497223)	(185, 0.3601941433492545)	(190, 0.36576673787204117)	(195, 0.37144368809750156)	(200, 0.3764527618258492)	(205, 0.38079395905708363)	(210, 0.3850725428667138)	(215, 0.38995638975185254)	(220, 0.39536201515036096)	(225, 0.3999745372085476)	(230, 0.4046288015478038)	(235, 0.4098048444004295)	(240, 0.41493914497198575)	(245, 0.4189464039546637)	(250, 0.42393460654247644)	(255, 0.42938197422205426)	(260, 0.4341614654045193)	(265, 0.4386278894789625)	(270, 0.4431569269750099)								
ERR3004231_2 - polya	(1, 0.0)	(2, 0.0)	(3, 0.0)	(4, 0.00010435570267390618)	(5, 0.0003130671080217185)	(6, 0.0005217785133695309)	(7, 0.0005217785133695309)	(8, 0.0005217785133695309)	(9, 0.000626134216043437)	(10, 0.0006470053565782182)	(15, 0.0007304899187173432)	(20, 0.0007304899187173432)	(25, 0.0007304899187173432)	(30, 0.0007304899187173432)	(35, 0.0007304899187173432)	(40, 0.0008765879024608119)	(45, 0.0011061704483434054)	(50, 0.001314881853691218)	(55, 0.0013983664158303427)	(60, 0.0015653355401085926)	(65, 0.0016488201022477177)	(70, 0.0016696912427824988)	(75, 0.0016696912427824988)	(80, 0.0026506348479172167)	(85, 0.025629760576711357)	(90, 0.04111614685351903)	(95, 0.042305801864001555)	(100, 0.04376678170143624)	(105, 0.04599999373865784)	(110, 0.04806623665160119)	(115, 0.0734038012608256)	(120, 0.11295461257423603)	(125, 0.11652357760568363)	(130, 0.12950542701831758)	(135, 0.13706077989190837)	(140, 0.1393566053507343)	(145, 0.14058800264228638)	(150, 0.14131849256100373)	(155, 0.1425707609930906)	(160, 0.14361431801982966)	(165, 0.14451177706282525)	(170, 0.14595188575972518)	(175, 0.14768419042411202)	(180, 0.14952085079117278)	(185, 0.15121141317449005)	(190, 0.15313155810368992)	(195, 0.15478037820593762)	(200, 0.15586567751374625)	(205, 0.15789017814562004)	(210, 0.16056168413407204)	(215, 0.16346277266840664)	(220, 0.16644734576488035)	(225, 0.16926494973707581)	(230, 0.17323046643868426)	(235, 0.17627765295676232)	(240, 0.17886567438307516)	(245, 0.1806188501879968)	(250, 0.18366603670607487)	(255, 0.18617057357024863)	(260, 0.1882785587642615)	(265, 0.1903865439582744)	(270, 0.19253627143335686)								
ERR3004232_1 - illumina_universal_adapter	(1, 9.215366808460444e-05)	(2, 9.215366808460444e-05)	(3, 9.215366808460444e-05)	(4, 9.215366808460444e-05)	(5, 9.215366808460444e-05)	(6, 9.215366808460444e-05)	(7, 9.215366808460444e-05)	(8, 9.215366808460444e-05)	(9, 9.215366808460444e-05)	(10, 9.215366808460444e-05)	(15, 0.00016587660255228798)	(20, 0.00018430733616920888)	(25, 0.000645075676592231)	(30, 0.0009031059472291234)	(35, 0.0013638742876521458)	(40, 0.002432856837433557)	(45, 0.02172983493434973)	(50, 0.032014184292591584)	(55, 0.12374394550400684)	(60, 0.27515242216701197)	(65, 0.36218234630611235)	(70, 0.37600539651880305)	(75, 0.3782908074873012)	(80, 0.37878843729495804)	(85, 0.37923077490176416)	(90, 0.37976526617665496)	(95, 0.38041034185324707)	(100, 0.38147932440302856)	(105, 0.3824192918174915)	(110, 0.3836357202362083)	(115, 0.385110178925562)	(120, 0.38636346881151257)	(125, 0.3879853733698016)	(130, 0.3894045398583045)	(135, 0.3908605678140412)	(140, 0.3927036411757333)	(145, 0.3943439764676393)	(150, 0.3962239112965652)	(155, 0.3985093222650634)	(160, 0.4010527635041985)	(165, 0.4034671896080152)	(170, 0.4051812478343888)	(175, 0.4069505982616132)	(180, 0.40851721061905144)	(185, 0.41002853077563894)	(190, 0.4117241582683958)	(195, 0.4134382164947693)	(200, 0.41531815132369526)	(205, 0.41694005588198435)	(210, 0.4185988219075072)	(215, 0.4204050338019655)	(220, 0.42234026083174214)	(225, 0.4251417323415141)	(230, 0.4272981281746938)	(235, 0.42928864740532136)	(240, 0.4305603680248889)	(245, 0.43207168818147634)	(250, 0.43430180694912385)	(255, 0.4359790037082636)	(260, 0.4378773692708065)	(265, 0.43968358116526474)	(270, 0.44180311553121066)	(275, 0.4440700957660919)	(280, 0.44617119939842087)	(285, 0.44797741129287905)	(290, 0.4500232227243573)	(295, 0.45289841716859697)	(300, 0.45546028914134895)	(305, 0.4581327455158025)	(310, 0.4618004615055698)
ERR3004232_1 - polya	(1, 0.0)	(2, 0.0)	(3, 0.0)	(4, 0.0)	(5, 0.0)	(6, 0.0)	(7, 0.0)	(8, 0.0)	(9, 0.0)	(10, 0.0)	(15, 0.0001290151353184462)	(20, 0.0004054761395722595)	(25, 0.0005713527421245476)	(30, 0.0007003678774429938)	(35, 0.0007372293446768355)	(40, 0.0007925215455275982)	(45, 0.0008293830127614401)	(50, 0.0008293830127614401)	(55, 0.0009399674144629652)	(60, 0.0011242747506321742)	(65, 0.0011979976850998576)	(70, 0.0011979976850998576)	(75, 0.0011979976850998576)	(80, 0.0011979976850998576)	(85, 0.0012164284187167786)	(90, 0.0016403352919059587)	(95, 0.0017140582263736426)	(100, 0.001953657763393614)	(105, 0.004165345797424121)	(110, 0.011703515846744764)	(115, 0.016919413460333373)	(120, 0.07366764226683278)	(125, 0.13292245084523344)	(130, 0.16659540116334792)	(135, 0.17297243499480253)	(140, 0.17352535700331015)	(145, 0.17378338727394707)	(150, 0.17404141754458397)	(155, 0.17431787854883776)	(160, 0.17501824642628075)	(165, 0.17560802990202223)	(170, 0.17621624411138065)	(175, 0.1767507353862713)	(180, 0.17719307299307743)	(185, 0.17781971793605272)	(190, 0.17837263994456037)	(195, 0.1790177156211526)	(200, 0.17949691469519252)	(205, 0.18008669817093398)	(210, 0.18065805091305856)	(215, 0.18139528025773538)	(220, 0.18239053987304912)	(225, 0.18292503114793982)	(230, 0.1833673687547459)	(235, 0.18397558296410427)	(240, 0.18462065864069652)	(245, 0.1850998577147365)	(250, 0.18613197879728408)	(255, 0.18701665401089623)	(260, 0.18769859115472234)	(265, 0.1881962209623792)	(270, 0.18878600443812066)	(275, 0.18939421864747905)	(280, 0.1897996947870513)	(285, 0.19073966220151428)	(290, 0.1913663071444896)	(295, 0.19245372042788791)	(300, 0.19319094977256474)	(305, 0.1936885795802216)	(310, 0.19433365525681384)
ERR3004232_2 - illumina_universal_adapter	(1, 0.00018430733616920888)	(2, 0.00018430733616920888)	(3, 0.00018430733616920888)	(4, 0.00018430733616920888)	(5, 0.00018430733616920888)	(6, 0.00018430733616920888)	(7, 0.00018430733616920888)	(8, 0.00018430733616920888)	(9, 0.00018430733616920888)	(10, 0.00018430733616920888)	(15, 0.0002580302706368925)	(20, 0.00033175320510457596)	(25, 0.0012164284187167786)	(30, 0.001621904558289038)	(35, 0.0021011036323289817)	(40, 0.0031700861821103926)	(45, 0.023241155090937236)	(50, 0.03382039618704983)	(55, 0.12615837160782348)	(60, 0.27922561429635145)	(65, 0.36973894708905)	(70, 0.3839121812404621)	(75, 0.3861238692744926)	(80, 0.38662149908214943)	(85, 0.38706383668895566)	(90, 0.3875983279638463)	(95, 0.3882618343740555)	(100, 0.38955198572723987)	(105, 0.3905288146089367)	(110, 0.3918005352285042)	(115, 0.393477731987644)	(120, 0.39474945260721156)	(125, 0.39633449569826673)	(130, 0.3975693548506004)	(135, 0.3989885213391034)	(140, 0.4009790405697308)	(145, 0.4025087914599353)	(150, 0.4044993106905627)	(155, 0.4068215831262948)	(160, 0.40942031656628064)	(165, 0.4119821885390326)	(170, 0.4138621233679586)	(175, 0.41564990452879985)	(180, 0.41703220955006887)	(185, 0.41846980677218876)	(190, 0.4201838649985624)	(195, 0.4218610617577022)	(200, 0.42364884291854354)	(205, 0.4252338860095987)	(210, 0.4269663749695892)	(215, 0.42869886392957984)	(220, 0.4305419372912719)	(225, 0.433324978067427)	(230, 0.435204912896353)	(235, 0.4371217091925127)	(240, 0.438227553209528)	(245, 0.4395914274971801)	(250, 0.44160037746142444)	(255, 0.44325914348694734)	(260, 0.44499163244693796)	(265, 0.4466503984724608)	(270, 0.4485487640350036)								
ERR3004232_2 - polya	(1, 0.0)	(2, 0.0)	(3, 0.0)	(4, 9.215366808460444e-05)	(5, 9.215366808460444e-05)	(6, 9.215366808460444e-05)	(7, 9.215366808460444e-05)	(8, 9.215366808460444e-05)	(9, 9.215366808460444e-05)	(10, 9.215366808460444e-05)	(15, 9.215366808460444e-05)	(20, 9.215366808460444e-05)	(25, 9.215366808460444e-05)	(30, 9.215366808460444e-05)	(35, 9.215366808460444e-05)	(40, 9.215366808460444e-05)	(45, 9.215366808460444e-05)	(50, 9.215366808460444e-05)	(55, 0.0001290151353184462)	(60, 0.0002764610042538133)	(65, 0.0002764610042538133)	(70, 0.00036861467233841776)	(75, 0.00036861467233841776)	(80, 0.00042390687318918046)	(85, 0.0008293830127614401)	(90, 0.0008662444799952818)	(95, 0.0013270128204183038)	(100, 0.006340172364220786)	(105, 0.01474458689353671)	(110, 0.02178512713520049)	(115, 0.12319102349549922)	(120, 0.18445478203814422)	(125, 0.21302241914437162)	(130, 0.21798028648732334)	(135, 0.2186253621639156)	(140, 0.21886496170093556)	(145, 0.21906769977072166)	(150, 0.21934416077497548)	(155, 0.21984179058263234)	(160, 0.2203578511239061)	(165, 0.22081861946432918)	(170, 0.2216664332107075)	(175, 0.22262483135878744)	(180, 0.22328833776899656)	(185, 0.22397027491282265)	(190, 0.2244863354540964)	(195, 0.22513141113068866)	(200, 0.2257949175408978)	(205, 0.2261635322132362)	(210, 0.22741682209918684)	(215, 0.228541096849819)	(220, 0.229481064264282)	(225, 0.23042103167874495)	(230, 0.23108453808895407)	(235, 0.23172961376554632)	(240, 0.2323193972412878)	(245, 0.23274330411447694)	(250, 0.23355425639362148)	(255, 0.23432834720553214)	(260, 0.23530517608722898)	(265, 0.23604240543190583)	(270, 0.23694551137913494)								
